pair_id,label,cache_key,request_alias,H1_noul,same_brand,same_model_id,same_product_type,variant_mismatch,accessory_bundle,name_same_item
ab-test-000000,0,2e3dc46fca0b42498d0980dddbf354553aacd16365097cca88a8043b852d953b,jev-latest,0.01,0.02,0.02,0.94,0.87,0.04,0.02
ab-test-000001,0,6f662ec3c9068ff5e2eab6605133e84078abe43d28fa5e8f83037d75830e66d0,jev-latest,0.04,0.03,0.02,0.95,0.29,0.07,0.1
ab-test-000002,0,4c64e9f07896e3d8f659b1fe72faf1dcb324e9843c07cdcd4e8bb587ff6fe996,jev-latest,0.01,0.02,0.02,0.95,0.95,0.05,0.02
ab-test-000003,1,2e3f07d856a8ddf3a517414076a8418980e73135af4c3f69409d9d6bf470762f,jev-latest,0.55,0.97,0.78,0.81,0.74,0.17,0.8
ab-test-000004,0,657920c73cc01ffa12bad3c2bd06a6c6fff6604c6a01958c04af48a0166f1491,jev-latest,0.1,0.98,0.04,0.82,0.86,0.23,0.15
ab-test-000005,0,699cc0d9abe29780c6d9827da21ab041997f7470576098f596b510635fe02744,jev-latest,0.01,0.98,0.02,0.15,0.81,0.05,0.01
ab-test-000006,0,73cf00a49a1095f36445ab6a3c91ada18c7bef0c124c22b6fa8299481e1eecd9,jev-latest,0.01,0.91,0.02,0.04,0.81,0.83,0.01
ab-test-000007,0,f4a10cbc59c9d1d0b98651610147c2f3d47bce869387e5a6dffe9d4a5cc20929,jev-latest,0.01,0.98,0.02,0.07,0.5,0.76,0.02
ab-test-000008,0,fa4b90c3a30902ad6f025436921c34f8786151632cfacf48e9bfa4aad985d920,jev-latest,0.01,0.98,0.01,0.24,0.82,0.04,0.01
ab-test-000009,0,e89cd1b27167fcba61a5f2dfac922cb9da0248c46627c04e009ebb95b9f96fd9,jev-latest,0.01,0.03,0.02,0.76,0.7,0.14,0.02
ab-test-000010,0,e513ce37ea4f0a4ab86148b890854607119f96e537b93e405731fde3f48d5f40,jev-latest,0.01,0.02,0.02,0.93,0.83,0.04,0.01
ab-test-000011,0,07ba50bef0e799ebdeff031ccbc3d2854d4512e8c766c8d90c8d4e3393d18819,jev-latest,0.02,0.98,0.02,0.24,0.84,0.55,0.03
ab-test-000012,0,123197f40e2e26e0afc51eb61f5140b64db5c1624298fa9a44605fec53b07e47,jev-latest,0.07,0.98,0.03,0.86,0.9,0.17,0.11
ab-test-000013,0,3ec59bd00d5ba42be752823f50f4fc93662ee269c49ddfd633197635c9077548,jev-latest,0.06,0.96,0.03,0.84,0.85,0.3,0.14
ab-test-000014,0,8142538f75c2e2de767da0f9a019a301e36c350491a33dcc96ef6d08a7c406a9,jev-latest,0.01,0.02,0.01,0.72,0.91,0.24,0.03
ab-test-000015,0,4a736e7a7337339b43421c1e72f111c5062abe67be6895d28cfba18142896065,jev-latest,0.02,0.99,0.02,0.95,0.85,0.06,0.04
ab-test-000016,0,b41e44719b5a45311e6299142acf5dd32c71f1ad7b16b38a0dff3ba9026affa5,jev-latest,0.01,0.99,0.02,0.94,0.96,0.04,0.02
ab-test-000017,0,de7312c86654815615c3bd2f8d4a0cb04ef1c4b2f389c300e80a63be2eadadc4,jev-latest,0.01,0.99,0.02,0.63,0.92,0.33,0.02
ab-test-000018,0,1c6b636750c88c97662f3679d6c2e367fb3b53a60b981672ba79323327c4266b,jev-latest,0.01,0.97,0.02,0.6,0.84,0.2,0.02
ab-test-000019,0,6bce22f2c337ff9b6822ca625a7800f21d518501cb532b75cc1bf896f604d61c,jev-latest,0.01,0.99,0.02,0.92,0.97,0.04,0.02
ab-test-000020,0,233f61c0e1f3b2370aceefa3169493baa5c006245ec2703a2c135ff7c49a29a3,jev-latest,0.03,0.98,0.03,0.45,0.92,0.71,0.07
ab-test-000021,0,1d4b8649e5f6c30a80bffa2777f222b095e64d486a90c19647c5275353f2b641,jev-latest,0.01,0.98,0.02,0.92,0.97,0.05,0.02
ab-test-000022,0,96fdb2f38c893ce948b48bf49d6469d476181bfeec838f7d6255cfa5cf5f03b3,jev-latest,0.01,0.02,0.02,0.85,0.73,0.13,0.02
ab-test-000023,0,f99df1d697322d78c54f15f3c2ebbcf382e8d32800a7fa9bc720b25bd0ec74a6,jev-latest,0.01,0.98,0.02,0.12,0.6,0.05,0.01
ab-test-000024,0,8b6463c60f6b9dd503800ed84129e2fa6982f64d438de957669727000b0d4606,jev-latest,0.02,0.98,0.02,0.13,0.27,0.11,0.02
ab-test-000025,0,2ff013beb700472011bc7d2b212baefb53633cf6f1aaf6a33965c9128e299419,jev-latest,0.02,0.98,0.02,0.63,0.89,0.16,0.04
ab-test-000026,1,2c4c1e306e2ac9fba3751d992e9864000f3590ca686233b5de195085422497a3,jev-latest,0.82,0.98,0.09,0.94,0.25,0.13,0.85
ab-test-000027,0,5f83fab09f5ac526ce7f67f0711a962a32782f5afec50aa069b9c5895a543687,jev-latest,0.01,0.99,0.02,0.93,0.97,0.03,0.02
ab-test-000028,0,86cae67862000dba19a4255f394a17447da34df5b5dc6d8d6597f6081e61a788,jev-latest,0.01,0.99,0.04,0.5,0.97,0.03,0.02
ab-test-000029,0,d161234a6a0557523c8e08080ec65e7052d54cdec155ef77a6945ba45c769deb,jev-latest,0.78,0.98,0.08,0.96,0.31,0.07,0.81
ab-test-000030,0,e6f0428e27a2d07b9b9ee22747cecd6c792a9583576bf622904d5c8887505924,jev-latest,0.15,0.99,0.03,0.93,0.65,0.07,0.12
ab-test-000031,0,db7b83f327eb672a89b920f33fa19e2129f9f230e528ad4aa37f48b5e27b6233,jev-latest,0.01,0.02,0.02,0.95,0.87,0.03,0.02
ab-test-000032,0,76ef88777bb8c2a442a9a6bf0248200d3a43c7abe3c5c937a4339eadd12d2e92,jev-latest,0.01,0.99,0.02,0.93,0.98,0.03,0.01
ab-test-000033,0,12c0f874308039a26ff2d9e1c5810b94bf0e34e36ecc59f47581108f1cd4542b,jev-latest,0.01,0.99,0.02,0.91,0.96,0.04,0.02
ab-test-000034,0,2cc304542f5afd8dfbeb125e9c9a27a74f3289b8f7d264b3c5221f3025fcbde3,jev-latest,0.06,0.97,0.57,0.89,0.93,0.33,0.33
ab-test-000035,0,507d82bbc941215280ac319e6c9f84185fc8beb8cae5ef82140d49c3e4568566,jev-latest,0.01,0.98,0.02,0.03,0.92,0.13,0.01
ab-test-000036,0,2f12ec8eed6fd8a50342d2163eb305314f58bf1bcc06d5fb773c47510e98999c,jev-latest,0.01,0.97,0.02,0.08,0.71,0.16,0.02
ab-test-000037,0,ed40b70dfaba6fc99c2b0b77f073f50f694ea2c70be970bad065414db9a77595,jev-latest,0.14,0.95,0.03,0.81,0.65,0.22,0.3
ab-test-000038,0,27882d2893b257171031e2bacc65c3a1dcee9784bde3651ee53eb8bb69343938,jev-latest,0.02,0.98,0.02,0.56,0.77,0.06,0.02
ab-test-000039,0,5e79edea89a4a56c862f665f0a1dd83c2b259bbcd6491a63c17e8ad13f6b37a7,jev-latest,0.01,0.98,0.01,0.48,0.95,0.04,0.01
ab-test-000040,0,2f99f9b16d2f0179a7d79752d191d8d6f2a75f5ce9935abd3d8f63fc41821352,jev-latest,0.02,0.1,0.02,0.86,0.96,0.05,0.03
ab-test-000041,0,5b94b4cbfbc45a1cee30856de83e23f21c4e767757e6b03c60c8109800c04ff8,jev-latest,0.02,0.98,0.02,0.93,0.67,0.08,0.03
ab-test-000042,0,be73d0f987d47eca579f0077a38010e2bff07a2a7c27cf0ed876653b5428813b,jev-latest,0.2,0.98,0.88,0.95,0.89,0.07,0.74
ab-test-000043,0,d3cbe0f0666e88faf8e9cdb653a851922b05e67425a520b163e06ddfda5ffc4a,jev-latest,0.01,0.96,0.02,0.23,0.97,0.08,0.02
ab-test-000044,0,2636ab8581f4d13198b8448a4f00d121e45ea56dec51d85be0ef5481b0287e0e,jev-latest,0.01,0.99,0.02,0.93,0.94,0.03,0.02
ab-test-000045,0,e4836edc85725c8b69620e22f7ea1eed5a18380122acb14deb6650de9ae55f5a,jev-latest,0.01,0.98,0.02,0.05,0.49,0.65,0.02
ab-test-000046,1,a3da6665739317586823c8b9ce08e7fdf5b286a60ea305631f119771d9bf5c9e,jev-latest,0.96,0.99,0.98,0.97,0.1,0.05,0.97
ab-test-000047,1,ab7fdb50790472e24a85a68c6391b9f9c3e4e491d523dc770ed808d3046fc4b2,jev-latest,0.9,0.98,0.98,0.95,0.2,0.13,0.95
ab-test-000048,0,63b3823b2ffeee9bea55397a0a3fc3c3e59ca678459c324c9c198162e5a2072b,jev-latest,0.01,0.97,0.07,0.05,0.84,0.93,0.02
ab-test-000049,0,1bbc6095932b6dfe4661e7011b616cb4be04af62b00b39837e7ed4da9f4869d1,jev-latest,0.02,0.97,0.03,0.7,0.82,0.12,0.03
ab-test-000050,0,2767cac572a6a3e2f58d4cc49edb49015ec106e5bc52e77816c0e2c74dcca697,jev-latest,0.04,0.96,0.14,0.87,0.94,0.11,0.16
ab-test-000051,1,3d0e630cd159b8fbc0326f83860adba2a1d392a84ed0899c6f64d2f88c389a52,jev-latest,0.85,0.98,0.98,0.93,0.22,0.34,0.92
ab-test-000052,0,202f15e5f037148ac779c4718effda71aa68ef1e911fdec633f41066b6f7d742,jev-latest,0.02,0.99,0.02,0.9,0.91,0.05,0.03
ab-test-000053,0,a1dfd6066b111f151283e344e78901291891509d1eef4e9625226876d83a1a49,jev-latest,0.05,0.98,0.02,0.86,0.9,0.16,0.07
ab-test-000054,1,16c8c593ff024e925ff08bc6850066bdfe27cf30d7d3e41418e1c44e4100899d,jev-latest,0.91,0.98,0.97,0.93,0.17,0.11,0.78
ab-test-000055,0,01ef598e42e1ea376c0d3ce1f9935b96ff02bb42258671429134652b52871104,jev-latest,0.01,0.02,0.02,0.94,0.85,0.05,0.01
ab-test-000056,0,4fa5bbd2bc24bf3f11c3d84b345632a7ad84021a7aa3b3fb14bd992ca6a63a9b,jev-latest,0.02,0.98,0.02,0.77,0.93,0.14,0.03
ab-test-000057,1,cbe30b1581262ed61d485eb89dc7f39513891526e66a3dc5375413cd45f4ca16,jev-latest,0.79,0.98,0.47,0.96,0.44,0.08,0.88
ab-test-000058,0,82c18806bcd4cb8b9f164b04586c8634fd9b00225b1be8c2e112098a0e2b13c5,jev-latest,0.01,0.98,0.02,0.78,0.96,0.07,0.02
ab-test-000059,0,dea19aa29b03615c6603b83f3db2d8c8011b34a95ae918aab6e282ea679b0018,jev-latest,0.02,0.98,0.02,0.83,0.96,0.12,0.03
ab-test-000060,0,f3ace5f1752e74cd432f3c48d6b1d6ae6b21c742192d9df0d5f943b7d15e094d,jev-latest,0.02,0.02,0.02,0.89,0.37,0.09,0.02
ab-test-000061,0,6bf9cbb7dc0989eab8900d9e072d248e2650ec288e4ec9c3cbd7a0c8ad8457cd,jev-latest,0.01,0.98,0.02,0.31,0.63,0.09,0.02
ab-test-000062,0,5caec00eeaa055f81bb014f7fb5d9bacf552416db7c7bfae71baa593c9c7b8be,jev-latest,0.01,0.98,0.02,0.94,0.96,0.04,0.02
ab-test-000063,0,575d54497cfbbb57a7fb5ec27aff7d59a97edbe3dd7ff8aad5ac75bb834cb490,jev-latest,0.01,0.98,0.02,0.91,0.94,0.06,0.02
ab-test-000064,0,ea9d59db2300b6754e859c21a4bbe1c2fb71419d8eb54413a981b1e1921ff846,jev-latest,0.63,0.96,0.08,0.9,0.31,0.1,0.73
ab-test-000065,0,722a535942955cbc6d7f933476573b6f956bc0426126e375f66e58010d867b68,jev-latest,0.03,0.99,0.02,0.95,0.74,0.05,0.05
ab-test-000066,0,4eb5a5855744a16111b3a4fbad62cf84e5018923ecbd684a8d0e06378a6e7c44,jev-latest,0.01,0.98,0.02,0.22,0.56,0.24,0.01
ab-test-000067,0,58ecfe0b0f6288797fba836908b779904c58893864dfac44fe759eb9ac8fe944,jev-latest,0.01,0.99,0.02,0.29,0.32,0.07,0.03
ab-test-000068,0,6f8f51bfa41a34ce1be2744f8abf4f6a45e4e11467e31904b142dbf9b786203a,jev-latest,0.02,0.98,0.02,0.88,0.9,0.07,0.04
ab-test-000069,0,4a7d6306644e58a178476771b476c7546d96b58682933b1b43b216ab58eb6574,jev-latest,0.03,0.95,0.03,0.85,0.87,0.08,0.04
ab-test-000070,0,9e6e98fcfb497eb13b63683705359fe95b0ed99a73c5c9e7ebeb5fed1398392e,jev-latest,0.01,0.98,0.02,0.9,0.8,0.07,0.03
ab-test-000071,0,b3cb66d9763c2755b7f3f5964a1434b70ef7eea97377ca725f00f541409839be,jev-latest,0.02,0.02,0.02,0.84,0.9,0.1,0.02
ab-test-000072,0,f78d9cdebcf9804d0adf4c6a657455691b211acd651159a20771599e9b330d5d,jev-latest,0.04,0.97,0.02,0.78,0.7,0.23,0.12
ab-test-000073,0,a4c53197042b9a7cf82f1a817f8e24478bbe7441daba7ed87a0d794d32f3b5b9,jev-latest,0.01,0.02,0.02,0.91,0.81,0.05,0.01
ab-test-000074,0,acabd79a561d60eb8623ab57a92a16ef1bcf57f705d527a53afb6711bea6c623,jev-latest,0.02,0.99,0.04,0.92,0.96,0.04,0.04
ab-test-000075,0,4221da3cf7c64a8133d9a8ea5d5f3121a312b8588159473a9899bbb09b58ee90,jev-latest,0.01,0.98,0.02,0.91,0.97,0.04,0.01
ab-test-000076,0,23c8b903b542b4b288c75a61cb170dbbdff92aa8c77cf3cc1dbcf2d7c6071aff,jev-latest,0.04,0.99,0.03,0.91,0.76,0.07,0.06
ab-test-000077,0,cd21c4fb1b53c609f63fbb2a4e84f2786234849fb89bd1fe4d1ddd049b9d361d,jev-latest,0.02,0.98,0.02,0.79,0.93,0.14,0.04
ab-test-000078,0,73d8bef05e559472d0cd8f774d66a02a75bc97a48a5ba9fa8c33c9d28736d25b,jev-latest,0.01,0.99,0.02,0.94,0.96,0.04,0.02
ab-test-000079,0,d451cc52e44ac54af6ee793a8f66d964def0211c339760ae45a0dcaac0be1f15,jev-latest,0.05,0.98,0.03,0.71,0.88,0.09,0.14
ab-test-000080,0,df3b491b1bc371c3fb5480091ac2003359e763f4b79c5b35e9b29b280c1b87b9,jev-latest,0.02,0.98,0.02,0.85,0.96,0.06,0.04
ab-test-000081,1,055ac0e4c6a99997208fe4ee6810655c5eb6a63ffe1d0285da52c156c28727c0,jev-latest,0.76,0.93,0.09,0.94,0.57,0.12,0.88
ab-test-000082,0,0f69c9817c98035de2d634c8cc198c92af3a8193d27d006109c61a34d60d8e3c,jev-latest,0.08,0.95,0.13,0.75,0.87,0.11,0.23
ab-test-000083,0,f70cfcdd84cb90f1ac7b2c2248c1a00c941fa66830bed510862b446f339efc19,jev-latest,0.05,0.03,0.02,0.88,0.75,0.13,0.07
ab-test-000084,0,e61cf732b7ce8fbc87ab727362f9f88bf03a0ccee34d92a91824916a68d41c3b,jev-latest,0.01,0.98,0.02,0.04,0.83,0.73,0.01
ab-test-000085,0,f2ab925f3b81d88a9bc082d619ad3cc799b73654d5a06044ba29d9c14dfba6f5,jev-latest,0.01,0.02,0.02,0.95,0.84,0.03,0.02
ab-test-000086,0,6bf0dfcc8b37b0eb3e948e94611664812306b1e5f86c1e8b94968c0bb78aab8b,jev-latest,0.02,0.21,0.02,0.85,0.79,0.07,0.03
ab-test-000087,0,8bacc61a17c447bfaa98d1c1a063ec509f05bac2ef5ecd1f369b09fdbe43f779,jev-latest,0.02,0.95,0.02,0.31,0.93,0.26,0.03
ab-test-000088,0,2ec574c960588c0938c95c260ca5f1f4760226d47b98f8a84dae4a8bce0ec6da,jev-latest,0.01,0.96,0.02,0.16,0.56,0.24,0.02
ab-test-000089,0,a0c22bcdbb3077089481f7938724fa2c72999fc826038c784cc7acea6aff6954,jev-latest,0.03,0.23,0.02,0.92,0.96,0.08,0.17
ab-test-000090,0,42704511bd11a4062c48b5d0b148b8f9354e2baf0fdb7012639dbb20ace62190,jev-latest,0.01,0.97,0.03,0.12,0.65,0.77,0.02
ab-test-000091,0,2898d7ee30b942dfd4912d6cbd6a2ce684187bce6c35634a1c236c5ecec7e3c2,jev-latest,0.01,0.98,0.01,0.02,0.82,0.03,0.01
ab-test-000092,0,ff94963f29067282fc70483e8f3b88260a41710b0747f20234c2ca6d69a3c3f4,jev-latest,0.01,0.98,0.02,0.37,0.82,0.08,0.02
ab-test-000093,0,88ce1c7e13671ec0e32733ada294004a864ee1f10c43f3cdca56d91726583a9a,jev-latest,0.01,0.99,0.02,0.92,0.96,0.05,0.02
ab-test-000094,0,a33f79bc3d30ee8fc5dec54da5591eaa7e4272d43ad1021cdc2ed5730c0dbf86,jev-latest,0.01,0.98,0.02,0.23,0.71,0.05,0.02
ab-test-000095,0,a20b339f60af94aa88568954236a35ee7c97334ca1de053c0d09f6e79b8485e6,jev-latest,0.01,0.02,0.01,0.92,0.87,0.03,0.01
ab-test-000096,0,a027c8d942c736d12aa86d5b1d45f640a7b4b791c3b260517232731edb81639b,jev-latest,0.02,0.99,0.02,0.89,0.88,0.06,0.03
ab-test-000097,0,1cbf478b1dc17101f6c8f3a3a51d96efa84fd1fc2f2f44316406e85e8c0b9b7e,jev-latest,0.02,0.02,0.02,0.89,0.2,0.07,0.02
ab-test-000098,0,6871867053c000b2cbb3582bf253eb8cb844e78e57d1fe6dec9fcb6ba33a3bd2,jev-latest,0.06,0.75,0.05,0.83,0.93,0.11,0.12
ab-test-000099,0,782c0e6317abc94151bb32b0103443d783b12e11a7a4c9378b33591ec618a063,jev-latest,0.01,0.98,0.02,0.86,0.78,0.06,0.02
ab-test-000100,0,efb42efa5a8f6280b91dd533078ebf6b8bcdb500d916a7026d05e1e75f700041,jev-latest,0.01,0.01,0.02,0.77,0.9,0.04,0.01
ab-test-000101,0,17c291c7b6c824573a469d3a5218478d82782ffd3bbaf20a4a236d6c061ad171,jev-latest,0.01,0.98,0.01,0.17,0.93,0.06,0.02
ab-test-000102,1,63bb0ed92d4d860a0c550ba08198cbd0b2e266442857a961e02946c73225b294,jev-latest,0.94,0.98,0.96,0.97,0.18,0.06,0.95
ab-test-000103,0,40d812b99a467a6161865a520b684cbfb7b1f8b65733af91d88abb26c05149c2,jev-latest,0.01,0.98,0.02,0.1,0.94,0.04,0.01
ab-test-000104,0,ff75cb28ef0dd80258a8588bc26adf96e1e06d9a0425ea178593fbc3599f425a,jev-latest,0.01,0.99,0.02,0.54,0.9,0.04,0.01
ab-test-000105,0,6ec3d85446055bf6b1db6a302684b0f75a1adb5019abf2b9c0c929df79d94636,jev-latest,0.02,0.99,0.02,0.94,0.89,0.04,0.02
ab-test-000106,0,265d98a5f4007d8fa4d0afca5a1f62a02a1f5a3fcba963f45eeaac1b88e898c5,jev-latest,0.02,0.99,0.03,0.95,0.92,0.06,0.07
ab-test-000107,0,c45122640df0325795d18a20f37ca29f20943c7ee41bd353b2cc90d610eb64d1,jev-latest,0.01,0.99,0.02,0.6,0.85,0.06,0.01
ab-test-000108,0,2b8d686a2e71b01056b96759b4ea9da1b0f7d1340b3d0d172d1d2f436afd58d1,jev-latest,0.01,0.98,0.02,0.49,0.96,0.05,0.01
ab-test-000109,0,ab6b15d5fbf9bbfb28f9e6bbf6662e4785768cfffca958be5c0e6018e18990f7,jev-latest,0.01,0.02,0.02,0.89,0.65,0.05,0.02
ab-test-000110,0,c7dbcdb8e1c149ffdec7220842948d98622be515dbc1fa1c0694b74e2bb712b5,jev-latest,0.01,0.99,0.02,0.86,0.96,0.04,0.02
ab-test-000111,0,912743d31579f19e96568f743bd6d972d54474aa445eb3109e56d60edc8c7be9,jev-latest,0.01,0.02,0.02,0.16,0.93,0.05,0.01
ab-test-000112,1,7344d0df3adb6fe3e3c581c465156eff155b9632c77d3f455d6c0fb4cf0d45fb,jev-latest,0.68,0.93,0.9,0.72,0.44,0.37,0.85
ab-test-000113,0,f08ac507471f9eadeb4c7de153433c8184b8fe2e2659e769e577f3d9075b5dd8,jev-latest,0.01,0.98,0.01,0.29,0.81,0.04,0.01
ab-test-000114,0,60a8f9f2866a4879b65f48cf24008e68fca3417fb8371f253e89317828557e7f,jev-latest,0.15,0.99,0.75,0.95,0.92,0.06,0.53
ab-test-000115,0,551fd221e7a0e45ce700e2a9f8c0578a542b133083900fb14cfd866d2a5de9a1,jev-latest,0.01,0.98,0.02,0.93,0.96,0.06,0.03
ab-test-000116,0,472e9aa8e4a39111fab41f6f063b1b2dddb10dbdb06eff5e18eef53ecf245c1f,jev-latest,0.02,0.99,0.02,0.2,0.83,0.21,0.02
ab-test-000117,0,800f1486f64a16d555f4f07c38ee9940c4e761768861e31f37361f47018870b3,jev-latest,0.01,0.98,0.02,0.91,0.96,0.05,0.02
ab-test-000118,0,f782d12bf28365aca649db0c340636b6347d002347a349ba9277b58560a17d8d,jev-latest,0.01,0.98,0.02,0.65,0.96,0.17,0.02
ab-test-000119,0,3f03840e9beb1963d3efa397adfc9d5c5e3a6b3041952701fa09eaae63c00a40,jev-latest,0.01,0.95,0.02,0.05,0.93,0.43,0.02
ab-test-000120,0,8bab9606bd16eca2a6f1d3251e3fd9143ba5af3dc5aaa83d113f6228e0733ce1,jev-latest,0.01,0.02,0.02,0.05,0.69,0.62,0.01
ab-test-000121,0,3b9e2ac383bd7c7186c9a65c6ac14539e73b1a5890771c72689091c30e02b796,jev-latest,0.01,0.01,0.02,0.47,0.84,0.04,0.01
ab-test-000122,0,89514d9982e3f29b6f5740deeaea9389debc76e6b776ea1ae5b4e9cc7b9d33d0,jev-latest,0.01,0.02,0.02,0.9,0.5,0.07,0.02
ab-test-000123,0,8149f207d8dc191b50f66759b23bb729cceed35746676ec553c8661720121636,jev-latest,0.01,0.02,0.02,0.07,0.35,0.05,0.01
ab-test-000124,1,c2ba6fb00d970d2048b2f6db6f2b6e56c089eea4316890326e7a89e628f7f85a,jev-latest,0.88,0.98,0.96,0.95,0.31,0.06,0.91
ab-test-000125,0,3fb60ab9c41a88d9aea871d7412e39d5fb1c73b20a0a9a7731a3adf2030fa54c,jev-latest,0.01,0.97,0.01,0.44,0.93,0.11,0.02
ab-test-000126,1,f03e1061d0a89428a5e58ee73502063669b58a9162549fd9dd99a61ec004664d,jev-latest,0.95,0.98,0.98,0.97,0.13,0.05,0.96
ab-test-000127,1,c92c53034f2c2d11a690a8743a1f3b02677183f8fceefba86a9a63e756d6e706,jev-latest,0.84,0.99,0.95,0.97,0.62,0.06,0.95
ab-test-000128,0,189678cb8e33b8761bb8c5e1b590587369ca826fb38040da3b9e5a39f64b4eaa,jev-latest,0.01,0.98,0.02,0.63,0.97,0.06,0.02
ab-test-000129,0,6b752b9c5717ddb22165c19e6757c9818651402752b045cdde49509c39c0df2d,jev-latest,0.58,0.98,0.07,0.94,0.63,0.09,0.69
ab-test-000130,0,d28ca4348c385c8d4fc7d63f8fe23ee786f801b2ba2afce55ef1270285d1bf91,jev-latest,0.01,0.97,0.02,0.04,0.66,0.88,0.01
ab-test-000131,0,414c2753a3f7144dd4081ca9d2571a54fcc9c82a9333bf8492c70a26057a0910,jev-latest,0.01,0.96,0.02,0.26,0.91,0.14,0.01
ab-test-000132,1,3015ab3651fad010614c81c76d244f7a6dd56ea7f4ffa9d76475ae027114270c,jev-latest,0.97,0.99,0.98,0.98,0.1,0.04,0.97
ab-test-000133,0,70babf90e23e8f42ca033c425d223b8c049ef974fa785a07e16044b0402b7f14,jev-latest,0.02,0.99,0.03,0.92,0.97,0.05,0.03
ab-test-000134,0,b9704f91c5d0f12b6d70b25422f5efb7f3d7d353d4a9d52ea614a41a27d3636b,jev-latest,0.02,0.98,0.45,0.73,0.95,0.16,0.03
ab-test-000135,0,8bd7c844144c15d9d5c40543126cd9ce50e1a13825dcb78143a73e72e16f7dc6,jev-latest,0.06,0.95,0.13,0.81,0.91,0.1,0.22
ab-test-000136,0,1b36d8f0e230441d4c740e6268ef29579c01795f6bfccb563f64846bdac8f580,jev-latest,0.01,0.02,0.01,0.39,0.65,0.08,0.01
ab-test-000137,0,7cc2e223c655c7953237f7aebae560c3ab3cc105b0c2561c04b66962b5cec085,jev-latest,0.01,0.95,0.02,0.39,0.93,0.25,0.03
ab-test-000138,0,ff5d10f6167da697a46de6e0e8e044597555747542db42a45a3bbf871fda02f5,jev-latest,0.01,0.01,0.01,0.9,0.83,0.03,0.01
ab-test-000139,0,53f76b4051c818a04e4512d19e2e8d32e46377b691ee62ec39fc4869d5bf4cc0,jev-latest,0.01,0.99,0.02,0.92,0.98,0.04,0.02
ab-test-000140,0,5881e6ef0a36e07c603d152ab8d222d8f40d68d3dbbba65ae3a86be18be192f4,jev-latest,0.01,0.02,0.02,0.82,0.85,0.09,0.03
ab-test-000141,0,dfd1804a6831d4580b9c749bbb8f4ae2d76a6def6f963a6056634bb99106721e,jev-latest,0.22,0.23,0.03,0.84,0.69,0.09,0.36
ab-test-000142,0,45067918625507b93f0cfdb3f78d7f96d73b7106246b891f1975cb4afe0e06ec,jev-latest,0.01,0.98,0.02,0.68,0.9,0.05,0.01
ab-test-000143,0,8da3e1bb92897cc865ad95a1643e2435975d765afc0ee483f783bf2f72a9954b,jev-latest,0.01,0.02,0.02,0.94,0.82,0.04,0.01
ab-test-000144,0,ae7aa6a7d888e0207f5ca2badc691b390731bdd949dbaef0af8938f36b936b70,jev-latest,0.01,0.97,0.02,0.04,0.88,0.12,0.01
ab-test-000145,0,a422e073c36915e9537c2fb7333ffc3ce42f0562c614de820aae44bf7522d1f8,jev-latest,0.01,0.02,0.01,0.05,0.64,0.14,0.01
ab-test-000146,0,8c71a91e3e44fb13f50cac8bc74566ac5401e6374d1b09664122c970ffb769a4,jev-latest,0.02,0.99,0.02,0.84,0.73,0.07,0.05
ab-test-000147,0,315975e6fe296b2c776707a94529587ea389478817c72d500547e85ed7a3e766,jev-latest,0.01,0.98,0.02,0.52,0.94,0.06,0.02
ab-test-000148,0,f188a9b97e5bdbc28140b1a3974a2f8394c6a8814a8ae435d6af06e69ada3605,jev-latest,0.01,0.02,0.02,0.87,0.67,0.07,0.02
ab-test-000149,0,af2b9e07fff9fcfc33b18af2b18b033253e216535d660d71111d05f63551c7a5,jev-latest,0.02,0.98,0.02,0.85,0.68,0.09,0.02
ab-test-000150,0,c9c5f088176cbfef9eaddbe48bf3fe9099a53302156d5c308f6f58163b63a557,jev-latest,0.01,0.02,0.02,0.82,0.76,0.11,0.02
ab-test-000151,1,30b1af6792833e6b12774d2a5cfc87351d49314fdc874f4590a63e4ae3d355ee,jev-latest,0.81,0.88,0.42,0.93,0.3,0.14,0.88
ab-test-000152,0,ce8abb2d09b6850080e3c416e45ebc15afc9a2345d5afdbd381ba4c938c80828,jev-latest,0.02,0.02,0.02,0.88,0.8,0.05,0.03
ab-test-000153,1,147207bc8ef629d2711745cfb43e6a8ea51c002a74f667e04d2746177ae378d5,jev-latest,0.97,0.99,0.98,0.98,0.16,0.04,0.97
ab-test-000154,0,033994e5a90a5dcc285e8af5eb12e2345c968efeffd2e95bbbbb2fc27360b368,jev-latest,0.09,0.97,0.04,0.86,0.54,0.19,0.16
ab-test-000155,1,c1db7aea2aa82d2413b2b92bf8a17d0e09e840352e284bc4223f1df44544033c,jev-latest,0.8,0.98,0.97,0.96,0.5,0.08,0.94
ab-test-000156,0,e01d718f8a7e91b07eba035a8b0288e3047a59e19535ea9ac48f3bc3a8503879,jev-latest,0.01,0.98,0.02,0.75,0.96,0.18,0.02
ab-test-000157,0,92dfc128cc1d71eb96bd6e4bdd830fb90ddbd2596e0135006279bf72a573aa28,jev-latest,0.01,0.98,0.02,0.79,0.97,0.14,0.03
ab-test-000158,0,039b4062856b0f8e3a70eef478abc99e7a627406943b2964e1f7a0c76265622e,jev-latest,0.02,0.98,0.02,0.22,0.79,0.57,0.04
ab-test-000159,0,d5e37cba2a6a901be6500ed44aa16cdf6f6165059ea8005769123b25d2763cb2,jev-latest,0.01,0.98,0.02,0.83,0.94,0.05,0.01
ab-test-000160,1,d1bf2d65fc03f40866f4147b426e6c464d291f772f9192c4e67ce7c7faa46e82,jev-latest,0.97,0.99,0.98,0.98,0.1,0.04,0.97
ab-test-000161,0,90fc440b973b7944a58e8164b3e99e4b65f436f462cefa57b73cc9e956a65391,jev-latest,0.01,0.02,0.02,0.95,0.97,0.05,0.02
ab-test-000162,0,a412fab266d804ac7e08c0718c3137a58da5bc4138a99d88f65849f4522bb478,jev-latest,0.02,0.98,0.02,0.49,0.88,0.47,0.03
ab-test-000163,1,cc56dda3db3febb65ecb8084071151c5267c0f2d0b5f4d5884ad429a5e4e3c04,jev-latest,0.94,0.99,0.98,0.97,0.21,0.06,0.96
ab-test-000164,0,d0a8bd2ba115ec1013144d618002f9fa8c6649b6d564231875bc4c51d2464ccd,jev-latest,0.01,0.98,0.02,0.6,0.96,0.04,0.01
ab-test-000165,0,51c129e0038c670e9e2fe0ad378b70a7a947d2c6acc642ce32b9f2ee6529e12f,jev-latest,0.01,0.97,0.03,0.67,0.93,0.26,0.02
ab-test-000166,0,241d2e1874064d3faabad0b63a61849478f710500c1a47616a53665c53819068,jev-latest,0.02,0.98,0.03,0.89,0.97,0.09,0.05
ab-test-000167,0,e4ac3294c9a1b69d20192f601e07b1d68723a229edd60ab7904b411e32ad8743,jev-latest,0.06,0.98,0.02,0.74,0.65,0.09,0.08
ab-test-000168,0,0e6fe959abc73905a5e5d073f66a033679458efb930b8a57a279ba42fee5880e,jev-latest,0.01,0.97,0.03,0.08,0.38,0.54,0.02
ab-test-000169,0,d9aa430dd1ee1dc3df2da4ed857937c1fe83ea807b9eb6c87d7293186e05f0b2,jev-latest,0.01,0.96,0.03,0.02,0.79,0.21,0.01
ab-test-000170,0,af41b89dc5dad02ac57664267d93362e0cff86cac2463329c3eb9387774036f3,jev-latest,0.09,0.98,0.05,0.86,0.78,0.25,0.15
ab-test-000171,0,f7296b0088704c94352c0ae5c3cecc1d214f68d7c3ab1dcea497b98630d0ca9e,jev-latest,0.06,0.97,0.05,0.69,0.88,0.25,0.13
ab-test-000172,0,862c0489342c779723f9fb28f0ae6511426641080eef79aa819c71a59c4a3ff2,jev-latest,0.02,0.97,0.02,0.61,0.46,0.19,0.03
ab-test-000173,0,604832aea051975ba911af7c43f49af3b50c9f33597c0cee267b03b3bbd88f75,jev-latest,0.01,0.98,0.02,0.76,0.94,0.05,0.01
ab-test-000174,0,de16ca810f5ed280cffaf9c75d9ed43b7ff8c4e7119f194d831f4a738919c468,jev-latest,0.01,0.97,0.02,0.09,0.96,0.07,0.01
ab-test-000175,0,b2292a279962cfdf5dbb3f313c0eca3cb1424173572da4f215d9fa08f1a7ba44,jev-latest,0.01,0.01,0.02,0.35,0.79,0.04,0.01
ab-test-000176,0,2324ee0c44bc43894c37d410d6e279e7b228009cd143464e7d0b1c4fc1cbc765,jev-latest,0.02,0.99,0.02,0.93,0.98,0.04,0.05
ab-test-000177,0,e18005b887c0d844080956a0e24a9621589d60d858184774b76f0dd00b70139e,jev-latest,0.01,0.97,0.01,0.04,0.9,0.13,0.01
ab-test-000178,1,b71e49bb7ceb5cfd1b8215a02f7ae609a750055e73137ff73f47c1b8873a255c,jev-latest,0.39,0.91,0.91,0.82,0.75,0.72,0.65
ab-test-000179,0,d12e3b59e56cd8affb59abfa78ff60af4091359aada066725c9294267f141e68,jev-latest,0.03,0.96,0.02,0.81,0.89,0.18,0.11
ab-test-000180,0,7840ea0f5ce3616c794e69fab789ba237d12c6fada47b3220b2f5d3356870a46,jev-latest,0.02,0.98,0.03,0.92,0.91,0.08,0.04
ab-test-000181,1,e4ca555244516fd8f0ff033375d2eb6e3a474110a5a2e00995f11cf450fce02a,jev-latest,0.6,0.97,0.64,0.72,0.36,0.17,0.78
ab-test-000182,0,841508b535432ff73f97ad5cb5e4837dfa10af22b7ec68776ef6f0d221994a75,jev-latest,0.01,0.02,0.02,0.11,0.31,0.12,0.01
ab-test-000183,0,cb1afa52b9d338ac77d2109f9ec9d25c057b4109a2a7446665d434cfe1e67219,jev-latest,0.01,0.99,0.02,0.45,0.85,0.04,0.02
ab-test-000184,1,79f2ffe298dab112c3a27dd2ece70763eaefa5ef6e94591d87c4b076acf30ec8,jev-latest,0.86,0.99,0.1,0.97,0.38,0.09,0.92
ab-test-000185,0,1b19b26f949a15957e87e74c7c1570f37836373b6d56b12aedaf1709bc2af973,jev-latest,0.01,0.02,0.02,0.82,0.93,0.1,0.02
ab-test-000186,1,1648fffff995bc4dceae4e4ba3251059c4318e808aa25e6b69196c00f9bf4fa5,jev-latest,0.88,0.98,0.96,0.97,0.18,0.08,0.94
ab-test-000187,0,fe82b733b9f61a48b9439c7a387d753f1a543d106c03756c451d54d0c7329a14,jev-latest,0.02,0.98,0.02,0.79,0.55,0.12,0.03
ab-test-000188,0,1a6e33e9702102d50b389d46e7897d99548a0bbeada7bf0b08c2a6ef60d59264,jev-latest,0.01,0.02,0.02,0.91,0.81,0.06,0.02
ab-test-000189,0,66fde71a743f8d097b3ce94cb897dad6c35f8630782a2545af4f07d48f66d3f2,jev-latest,0.02,0.98,0.02,0.84,0.83,0.13,0.04
ab-test-000190,0,10750128ad5025a136bcc864211bb86fe574ede34a6f635c5baea82e677cee0d,jev-latest,0.01,0.01,0.02,0.94,0.87,0.05,0.01
ab-test-000191,0,aa0bc2f7674155e1257c506a189576c256fc5eb3f7786bb66a9b33bacc0f8f3f,jev-latest,0.01,0.02,0.02,0.91,0.92,0.06,0.02
ab-test-000192,0,37a2b88c784ed9442d3e888f15a569f5b4ef3c415fc4650e806dbbe611ec08e6,jev-latest,0.02,0.98,0.02,0.85,0.95,0.13,0.03
ab-test-000193,0,df638f395d09b70b737c025e96249635edf03894d0ed3e68ea290fdfa93022e2,jev-latest,0.01,0.99,0.02,0.92,0.96,0.04,0.02
ab-test-000194,0,e729f817235476f580fe97350bf8f58faddced58eff9e3334c966c614eaad691,jev-latest,0.02,0.98,0.03,0.52,0.96,0.05,0.06
ab-test-000195,0,39baa3287085a5eb1bc6d09f74bc747abd6f410b4c740df12a018b5938dbbaa9,jev-latest,0.03,0.99,0.02,0.94,0.78,0.07,0.05
ab-test-000196,0,85cb06cd115135e6453037825c0f6ecb5aedbec36346872231400a4da4cc316c,jev-latest,0.01,0.97,0.02,0.05,0.18,0.1,0.02
ab-test-000197,0,c62f211a10d7edb59d5a845589b6a70d864e187cdaa28651c6ee4ae705ef4de3,jev-latest,0.02,0.98,0.02,0.21,0.94,0.64,0.02
ab-test-000198,0,01e36f6a039a44e59e9ae708f60e45718afa82f498e7d2966acaeccf2327c3db,jev-latest,0.03,0.98,0.03,0.92,0.95,0.08,0.13
ab-test-000199,0,3e0b5d538636c5e3d7170950350f8533c321b5f5e425d8afd55b46b8ead44e83,jev-latest,0.02,0.97,0.02,0.62,0.93,0.5,0.04
ab-test-000200,0,ab005b36c858b1bb42e4440f4f7e68a8b219d1e3c41cc91452bc183992436ea9,jev-latest,0.01,0.99,0.02,0.94,0.96,0.04,0.02
ab-test-000201,1,5262470aeac0f01f75e5b0edb4d490619e48cb3113ccea852653e31d82c000e4,jev-latest,0.46,0.98,0.96,0.78,0.47,0.17,0.59
ab-test-000202,0,984c0b4b4fde085d949eba0751132126386da617f6c88037d2cb1034f567258f,jev-latest,0.02,0.99,0.03,0.93,0.97,0.03,0.02
ab-test-000203,0,d9d628096dd180557654efd2f3576c04ea33cbf74e2f76de7b726d5c8e3b1668,jev-latest,0.01,0.98,0.02,0.1,0.65,0.57,0.02
ab-test-000204,0,03447ee44b2cdb077dfcc49f5be42753724073d1683274550161a432f8cef788,jev-latest,0.54,0.96,0.09,0.86,0.58,0.17,0.72
ab-test-000205,1,c04c6719a52b5e7ff45d29ebc962c11bfad8e03a4edf2757c17052ae2ffb7178,jev-latest,0.96,0.99,0.98,0.97,0.12,0.05,0.97
ab-test-000206,0,f4e7abe5c1718b6a96cfc14c0b743f9db0ca72127e7661b5584948ed80a554f4,jev-latest,0.02,0.98,0.02,0.92,0.89,0.09,0.04
ab-test-000207,0,a3dd5c340067d8f0dcd5a48ebc1bc598c96c0d54a4be795c3720dd59c5072c9e,jev-latest,0.02,0.99,0.02,0.48,0.97,0.44,0.04
ab-test-000208,1,2d690ef23c1f98d48f833e9b0b97fc10c101b8852776fdcb93b9f84274592c31,jev-latest,0.76,0.98,0.96,0.94,0.3,0.09,0.84
ab-test-000209,0,4a39f604ef49b300f6ebdf3e0cc0d7aa7c886f2fd67d5ba9efab0ec782ebd080,jev-latest,0.01,0.98,0.02,0.66,0.83,0.05,0.01
ab-test-000210,0,ce982b76ecf1598b24dd2d7d4353884eaaf31c417c163560b1d48c50b256ac92,jev-latest,0.06,0.98,0.02,0.44,0.83,0.54,0.11
ab-test-000211,0,10bb0026176c588e217afd1f61b07099746d81d948b5a45b67be8ef5a3d65a8d,jev-latest,0.01,0.02,0.02,0.93,0.91,0.06,0.02
ab-test-000212,0,7cf7400c25e96196c5b2983c48b531bd9af9c98c8e0ad914f39a71cc3fa74a25,jev-latest,0.01,0.02,0.02,0.86,0.96,0.05,0.02
ab-test-000213,0,67680013ef7dde4ecc0cbf8c6ae4ceb4564a6c3438c151ca3f7917e1aa7b48ec,jev-latest,0.03,0.98,0.03,0.92,0.87,0.07,0.07
ab-test-000214,1,7c6ba35d1ead9bcfa6697302554969a997695fe51f6fc4ba2660ffae42768063,jev-latest,0.94,0.98,0.97,0.96,0.16,0.09,0.95
ab-test-000215,0,ca5a377aed9ab9563fbda0f28727d06fd1de201644b126f760a29969807e8bf8,jev-latest,0.01,0.99,0.02,0.92,0.96,0.04,0.02
ab-test-000216,0,c21f7f73ea58896844f240c5fb23d376f79250371a51a5787e337d051cfebd64,jev-latest,0.01,0.99,0.02,0.93,0.96,0.04,0.01
ab-test-000217,0,b0ee66c92112f79a3b6a286781f059606f100ec887df5a05d466822d1b62633f,jev-latest,0.01,0.01,0.02,0.82,0.81,0.06,0.01
ab-test-000218,0,1f4f9343920d1fa0a61a8ea97be3d75be2cd16605494951e501a4611d7f57d50,jev-latest,0.01,0.98,0.01,0.29,0.96,0.07,0.01
ab-test-000219,0,c495e354b9ea0ed8f1b564777a34ad8f5ae0772d4da58cc54e69d0cf9229f4bd,jev-latest,0.01,0.98,0.02,0.04,0.9,0.76,0.02
ab-test-000220,0,a4c113da5b2694e2806afc5c3866b2e8daaa19267454e7e62f9fc4005b21346f,jev-latest,0.01,0.99,0.02,0.92,0.96,0.03,0.01
ab-test-000221,0,511438d67313dfd714c444cb13e023eca3152272c7f511e009ef2ab90d3477be,jev-latest,0.01,0.02,0.02,0.96,0.9,0.03,0.01
ab-test-000222,0,687d1d2e5555ec7bdc04c4cafd2ba6f9e6d7dcebeffcf6fd2e390cf6731a2bd7,jev-latest,0.01,0.02,0.02,0.94,0.94,0.05,0.02
ab-test-000223,0,9beadb50b1b3c864f7c88c54ecf2644490c5366fe359fcc7cb587eb7534ea1e1,jev-latest,0.01,0.98,0.02,0.85,0.94,0.09,0.02
ab-test-000224,0,6fe6c08d0f688c7503e40d9163e12f110c0fe99c94288eabe54c38c0a08d613f,jev-latest,0.01,0.02,0.02,0.92,0.87,0.05,0.01
ab-test-000225,0,d434fcc121b79e67b19c998aa766cee43aa5de4ec7526cf39390d02448c8a967,jev-latest,0.03,0.98,0.02,0.9,0.87,0.14,0.06
ab-test-000226,0,0272ad29cca47a64378217cce1ed2b564cc342670ffe53b02ec97b48d5020982,jev-latest,0.09,0.05,0.03,0.87,0.57,0.23,0.13
ab-test-000227,0,7033bf9be8c3b99dd51fdf5648447e58cf650596bc665475e9d29e4492eab93a,jev-latest,0.01,0.99,0.02,0.92,0.96,0.06,0.02
ab-test-000228,0,e83342cb2cb0234a8b481933824820a9770e8b0a577efe1fa3263c947af76d4c,jev-latest,0.01,0.74,0.02,0.03,0.89,0.74,0.01
ab-test-000229,1,57164b7a1978ce8cdf6f3230a1e53660feb0d11e0f028d421989a1b2af56c25c,jev-latest,0.94,0.99,0.98,0.97,0.12,0.08,0.97
ab-test-000230,0,2a16c0a42760a94814da46b0110711c10e2ee8ce5d4bd80478ffbdc5ec7dd0b5,jev-latest,0.01,0.03,0.02,0.58,0.74,0.13,0.02
ab-test-000231,0,5110c370f9923c87269b8bea964ceb276904372253855ab778258a68c909571d,jev-latest,0.02,0.98,0.02,0.8,0.79,0.14,0.04
ab-test-000232,0,1a4f08150aa3a4adb96378338fd6a4bf7c1ce51d24387a4feed623aff385368d,jev-latest,0.01,0.98,0.02,0.11,0.61,0.09,0.03
ab-test-000233,0,ceeb1146f97bedb354e97edabe2d3f42e12fac839d786dd39437ca63a95f5293,jev-latest,0.02,0.98,0.02,0.91,0.93,0.07,0.03
ab-test-000234,0,999f9ea7e3ceef5982fcf9d827d91d91e8b416ffcee3c1d5dabd297dd8358862,jev-latest,0.02,0.99,0.03,0.93,0.96,0.06,0.06
ab-test-000235,0,fc5680eb35e0133230ccfc2bb468e78bb234d7ac8645004dcf15c0b3dee823df,jev-latest,0.03,0.98,0.03,0.9,0.83,0.08,0.07
ab-test-000236,0,5cc6792bca3b1727425badc7fd3d44a0c244aa047b4723aceffcc5317ddb16c3,jev-latest,0.01,0.02,0.01,0.95,0.97,0.04,0.02
ab-test-000237,1,5244a568894912cef71c648fee7db884724d5b20c3db2de7f15808d23c6540c0,jev-latest,0.96,0.98,0.97,0.97,0.09,0.07,0.96
ab-test-000238,0,c3ce46e2c4ff913293dab1b6f7a05f48e13997f43cc1c3133d9638788d707f81,jev-latest,0.01,0.98,0.02,0.51,0.96,0.06,0.02
ab-test-000239,0,e469fef7fdae319acc4121b611230e5d93701f8902fb47abbb4dda4ba4b7b85d,jev-latest,0.01,0.98,0.02,0.05,0.61,0.72,0.02
ab-test-000240,0,e04462a5b1956349f93519fca689d6cd19c334260afd5e1ca3768ecd5ce6e5ba,jev-latest,0.01,0.97,0.01,0.28,0.74,0.06,0.01
ab-test-000241,0,37fdea207f1b6ee23d6b7ce2281a21fb296365f37567395191f9387799f547f8,jev-latest,0.01,0.01,0.02,0.8,0.87,0.05,0.02
ab-test-000242,0,229ccf3dc294aa1b74c4ac3e310b1426a2aef24a45100543c08e4dcb5ad2bcbc,jev-latest,0.05,0.96,0.1,0.81,0.93,0.12,0.13
ab-test-000243,0,c2d557e53b40d5783eb07f29e1c430a9a11932f86cd7843a0af0ac460a09f8b6,jev-latest,0.01,0.96,0.02,0.05,0.71,0.33,0.01
ab-test-000244,0,795c9c58745d6e088e685634dbe7c821580d80ca5a5b21b19aa0b0c7c945e46f,jev-latest,0.01,0.02,0.02,0.89,0.96,0.04,0.01
ab-test-000245,1,bf53dc69133be4c576ace8fb27e4bb7d9ad5e8ad0d5ce40cbcb8c16316ad2f82,jev-latest,0.96,0.99,0.98,0.97,0.1,0.05,0.96
ab-test-000246,0,9c8aab32c55486fefbcfe1f0be4d44629b8b9dbd55277914798de44287d2f2e1,jev-latest,0.03,0.99,0.03,0.94,0.97,0.05,0.07
ab-test-000247,0,b64683cc8f1d73924a7a4275c0f6a152a2d09d705636351bde76e0fba5712482,jev-latest,0.06,0.83,0.04,0.86,0.73,0.17,0.09
ab-test-000248,0,9b52127ebef54175eb2b99cad67ba40861e6ed079a474d7446ff9bc443eb39f0,jev-latest,0.01,0.98,0.02,0.45,0.98,0.1,0.02
ab-test-000249,0,2875725f6536008e5999b96b964fb9408ef274b269d98320a0cad5df5eb91644,jev-latest,0.01,0.02,0.01,0.04,0.82,0.41,0.01
ab-test-000250,0,2e85bb6cbca0817923aaff0d9390595dcf235db1f4997004dd7de1623351e30e,jev-latest,0.01,0.02,0.02,0.06,0.82,0.23,0.01
ab-test-000251,0,0737df4e7a80a1a73ef4548d57cc5679db9738d132d3cff3b040089ec36c577b,jev-latest,0.08,0.96,0.02,0.83,0.81,0.19,0.14
ab-test-000252,0,68ccec544cd8014d655adadc8df16b5ef755338cc88d85dc0de9440a82270890,jev-latest,0.01,0.03,0.02,0.84,0.85,0.07,0.02
ab-test-000253,0,61e605553670636ee5ecaebef2c6f9917142b4da38e24f617087c1598f25b9f8,jev-latest,0.02,0.95,0.02,0.16,0.65,0.78,0.04
ab-test-000254,0,de8956f16f19f4ea858cbd746f158ebd0431948be4c14e071401d6cc06216318,jev-latest,0.01,0.02,0.02,0.03,0.73,0.47,0.01
ab-test-000255,0,c1949fa3282e734ee97975d57cb7138961096eebada326c7b53beadd7d6a5a80,jev-latest,0.01,0.98,0.02,0.82,0.89,0.12,0.02
ab-test-000256,0,2abedda8ace8a312bbde9ce48af724565bfd2b6ce96d08e4ccfb9349d6af2dc7,jev-latest,0.01,0.98,0.02,0.11,0.77,0.08,0.02
ab-test-000257,0,e83a46996e755a3b66c7903a9cb0b3daa63e9ff9b9446ef491820ae356236852,jev-latest,0.02,0.98,0.02,0.79,0.8,0.06,0.03
ab-test-000258,0,2426468f68a45d93d822bfa2ed8ca2cb4a577cba5af85fe424af93d00c01a925,jev-latest,0.02,0.98,0.03,0.78,0.77,0.15,0.03
ab-test-000259,0,1965d01325d90cd519bc2477865a76eb03611cb6efc601dd5c926ca6f2df5b8a,jev-latest,0.08,0.98,0.03,0.86,0.81,0.13,0.1
ab-test-000260,0,24dcde56dc212db987cdb7e3df3eb5d7ff0fb323b7b6fc8a76118a5db93dc029,jev-latest,0.01,0.01,0.01,0.21,0.73,0.04,0.01
ab-test-000261,0,0dfa1ac8a5ebbb6a301d0c0d5684eeb6f6e898e58722f564a9dc03954b9873af,jev-latest,0.18,0.97,0.54,0.79,0.93,0.19,0.37
ab-test-000262,0,de7f8ad92ecdebfd8b9986e6d8fefc8abbc9212df5d926ac8960187e8d061dde,jev-latest,0.01,0.98,0.02,0.91,0.95,0.06,0.03
ab-test-000263,0,b28675e25cf6b02877be66289d3e2bd8c1a3f97b4f2578489e36f6a5c7844323,jev-latest,0.04,0.99,0.03,0.89,0.88,0.07,0.04
ab-test-000264,0,86f40e3a6c0775118dae911c5b8cab7116733f99578bd18253c0009a0c570b4e,jev-latest,0.01,0.99,0.01,0.46,0.9,0.04,0.01
ab-test-000265,0,af35e9ce85eb7bf5b7b61a67839e33cd5ec37e17767ab528affdeaded7bc7def,jev-latest,0.01,0.98,0.02,0.66,0.97,0.08,0.02
ab-test-000266,0,82ac37f73f5b6c935664ee91bd445db21c258e80dccc443290a9fb174d22ef08,jev-latest,0.01,0.98,0.02,0.08,0.83,0.11,0.01
ab-test-000267,0,dad587a777857d7fea374f2c286757ea3a47c184b4f4868ae49e82da2df8f0d1,jev-latest,0.01,0.02,0.01,0.95,0.96,0.04,0.01
ab-test-000268,0,2f2e55bc9e80e4ce6af125d732f81f47683bcf9f31aeadf0d682c6b50fde51fe,jev-latest,0.01,0.98,0.02,0.86,0.95,0.06,0.02
ab-test-000269,0,71f126a6f449a658167f93cdc9320bf222af954c468760abd52d0d3f9e46e1be,jev-latest,0.01,0.98,0.02,0.41,0.62,0.05,0.02
ab-test-000270,0,4ed0295f53094f2f0cb88063dfd5d02339771c09d64c6f4ba86cc9f1545fac65,jev-latest,0.01,0.98,0.02,0.06,0.49,0.73,0.02
ab-test-000271,0,e87af1653e0d6c48093fe90e8482f2c61ccdb94eab07fd56a42d6b5ffdc2f157,jev-latest,0.01,0.02,0.02,0.91,0.86,0.04,0.01
ab-test-000272,0,5d5a236dccb12e49f24622981f5bd6358713dab8a6bae71705cd5af74e8e36c2,jev-latest,0.01,0.01,0.02,0.48,0.9,0.04,0.01
ab-test-000273,0,0d0f1878e497fbc2fefee3d3d6cfaf7a254ab9114953935582c3e104615f05da,jev-latest,0.01,0.02,0.02,0.12,0.57,0.2,0.02
ab-test-000274,0,9e336349cc256a0c58310861d1f4b9423bdce2837379b3c28126e722bad58efa,jev-latest,0.02,0.98,0.02,0.88,0.86,0.12,0.05
ab-test-000275,0,1d55449ba0c754759fb8fe51b9e66fd338b2519241e48b9def2619876dad2a83,jev-latest,0.01,0.99,0.02,0.94,0.96,0.04,0.02
ab-test-000276,0,afe95035085134678dbaa27f6c480cddea7b5eedbea8c052ba9453451ef85e7a,jev-latest,0.01,0.98,0.02,0.04,0.9,0.53,0.01
ab-test-000277,0,9cda057532cc83cbcab02581b481c84c9a74ac1f2d6d48e7e4e916c79c226115,jev-latest,0.49,0.97,0.09,0.91,0.63,0.09,0.66
ab-test-000278,0,c07b3fced9874290500fb61706f3b959ee7b03bf380f68494089d6a0d2a1c098,jev-latest,0.01,0.02,0.02,0.93,0.87,0.03,0.01
ab-test-000279,0,a2963ac547e980b66b1a02af4f4ac919ddc405fe8dc4deff32f09cd95e1dfbbd,jev-latest,0.01,0.99,0.03,0.91,0.84,0.1,0.02
ab-test-000280,0,fc9d0e17c598cb9865011c5d98c75c1cf2e3bcbd490e3526c4c96609ec960964,jev-latest,0.01,0.98,0.01,0.03,0.88,0.04,0.01
ab-test-000281,0,116e0f9cfb7508583bd96d393044c346ab815671332bbbd88eca1305ad379cb4,jev-latest,0.01,0.98,0.02,0.92,0.96,0.04,0.01
ab-test-000282,0,3e57bb8b69b91b99aa2c6a19392bd3616512a964a04d29d118136b996093df90,jev-latest,0.02,0.98,0.02,0.85,0.96,0.12,0.04
ab-test-000283,0,b1c90d18b64fe7b356df0fc513b640f463ca3c7b341d9b025cecb9373fdeefbf,jev-latest,0.01,0.98,0.02,0.75,0.97,0.04,0.01
ab-test-000284,0,9b46319665d07661777934780d477b0c8a70bfff5873d52f8516a5a8ba542287,jev-latest,0.01,0.98,0.02,0.2,0.92,0.08,0.02
ab-test-000285,0,45825ba24815ec937e1f621f5369769f684a4a58173b53de787058d4f5d7db90,jev-latest,0.01,0.01,0.01,0.69,0.93,0.04,0.01
ab-test-000286,0,0f193ab88149b2a446275f3caed3e739dfec1cd99d46c6e32222874a870ab635,jev-latest,0.05,0.98,0.02,0.82,0.92,0.22,0.1
ab-test-000287,0,8f2a7d7adea6f26124d8d9233bd63f0aded88ecd1d1391853edbf90ca238b87c,jev-latest,0.01,0.98,0.01,0.02,0.86,0.03,0.01
ab-test-000288,0,c2cced381d1ce5733baf2240605bdf127b865db275196cc21559ec6f1d513986,jev-latest,0.01,0.98,0.02,0.77,0.6,0.08,0.02
ab-test-000289,0,7e91ba404d4c4acd23a4ee4da536ba04cae9a24d90ff0dbe65d1aa3cd6f46fb6,jev-latest,0.01,0.98,0.02,0.07,0.77,0.08,0.01
ab-test-000290,0,b096173ee8ba5a74654b8935481e0c61412e3c4deb0c906d084c617d262f1b43,jev-latest,0.01,0.99,0.02,0.02,0.85,0.03,0.01
ab-test-000291,0,7c1c3300ceada0e3c20c7d7fcde7adf6a665c2d335178c8015e1cd44d56a14ae,jev-latest,0.01,0.98,0.02,0.03,0.93,0.75,0.01
ab-test-000292,0,64554afeec5f6a324a85e1152e449cbdac268037928a99ed6d471b5b176684e8,jev-latest,0.03,0.99,0.02,0.93,0.81,0.05,0.04
ab-test-000293,0,2341ba6cfec0d85f4865b8b2c9f5baf8a0604fa6e87c6d803e575eeeced7333c,jev-latest,0.01,0.96,0.03,0.82,0.98,0.12,0.04
ab-test-000294,0,a525e4bc633d5b0304fbd63a21b911f75b753c933957045639f15f887ed132e7,jev-latest,0.03,0.98,0.02,0.89,0.78,0.08,0.04
ab-test-000295,0,18b461f6fcf402381559429fa8c71b124b35c9b8d96609f48d9678c3858894f5,jev-latest,0.01,0.94,0.02,0.03,0.53,0.52,0.01
ab-test-000296,1,580aea12f2a65e239dba99437dbcb673dbea7d513c125c3696ed9bc7a3c9d535,jev-latest,0.95,0.98,0.98,0.96,0.11,0.07,0.96
ab-test-000297,0,4c836ab72e5d170a778bb7ec6d4df1cf41a96dc8cf45b02d8d28f84ccdb3929b,jev-latest,0.04,0.98,0.02,0.76,0.93,0.14,0.05
ab-test-000298,0,ddf33541298cc6a20a29cad307d670915d74986dbb2c0bfcc780a33dd2834b0b,jev-latest,0.02,0.98,0.02,0.93,0.95,0.06,0.04
ab-test-000299,0,d15e93e69ab8eaf4e3c7a316f48cfab89ee701408180899eef32d10b8b15c25f,jev-latest,0.01,0.98,0.02,0.51,0.96,0.06,0.02
ab-test-000300,0,5afbd0adae2ddfd491283613ee0164a60cd97660462fb395e25e10d2d7a0ef55,jev-latest,0.04,0.98,0.02,0.92,0.69,0.11,0.05
ab-test-000301,0,0119470fd529d10d5b25d060a2261ecabc8783c5ba629a1c90e4eb79c58926f7,jev-latest,0.02,0.98,0.02,0.63,0.87,0.13,0.04
ab-test-000302,0,062a19bbfc7490d6a18ab4ae4e4c2dbf9ed3ed961f1eac8bc30ed5cf536c293d,jev-latest,0.01,0.02,0.02,0.94,0.95,0.03,0.01
ab-test-000303,0,2fe387e30bfe4160922d87e3a050f624b3fb11379d67af9da7d8a6caf683223f,jev-latest,0.03,0.98,0.02,0.94,0.76,0.05,0.05
ab-test-000304,0,39e255ac7eee027eb2f55dcb09926e6a2ae61ab5fb0944c469b28067caf47859,jev-latest,0.01,0.98,0.02,0.03,0.69,0.1,0.01
ab-test-000305,0,3286e30e099e4eb0351eb141ef6b98cb55ac5f6a9ae67423fd56cba99a324710,jev-latest,0.04,0.97,0.04,0.88,0.71,0.1,0.06
ab-test-000306,0,f88fe0fc75b874d5862b9cf42f9212b265f0d62c977302984921aa5d71744137,jev-latest,0.08,0.98,0.03,0.93,0.66,0.08,0.11
ab-test-000307,1,5068bc74d64a4fec3625449a21a15372dfcff85c3246589bef7a634788178feb,jev-latest,0.96,0.98,0.96,0.97,0.08,0.07,0.96
ab-test-000308,1,1129c5d1b153e160bac52601322e626849d85cea478c40d70c27bb96e734c820,jev-latest,0.94,0.98,0.96,0.95,0.17,0.11,0.95
ab-test-000309,0,487a5e1bd567768216ae2ff824c00942ba24967740c5c0b4b6c049b7cbed7749,jev-latest,0.02,0.97,0.04,0.28,0.92,0.55,0.06
ab-test-000310,0,94452770683bc0be80b05de9fa8800cc1da85e563001214baa5873d5772bed80,jev-latest,0.01,0.98,0.03,0.04,0.74,0.92,0.01
ab-test-000311,1,972d2e7c8514639eb4716a0b33b20a703e55fb61fd74f82541f02b869819f87f,jev-latest,0.91,0.98,0.97,0.94,0.3,0.08,0.93
ab-test-000312,0,8d66cbf827ae80b3088e258b48a24c694f58ecef8e9092f942845f55d0690749,jev-latest,0.01,0.93,0.02,0.03,0.68,0.7,0.01
ab-test-000313,0,f581ddc4692855b0419f39b108fcdcab972b7e0cb5049f3134c09538413dda87,jev-latest,0.08,0.95,0.02,0.88,0.65,0.2,0.16
ab-test-000314,1,e26881aed857ea515d5de8bd64f6a7344d491ebf18fe4215c208c846ba481277,jev-latest,0.9,0.98,0.92,0.96,0.2,0.07,0.94
ab-test-000315,0,c8deb479c3def16b04445d0d3971b6ea2c8b24dc5ef8db51d59811d22a185ae0,jev-latest,0.01,0.97,0.02,0.08,0.48,0.38,0.02
ab-test-000316,0,98e0c20fb320c312f1506d7cf28b4aff26fdfd40db26f67890573f0f19c9f13b,jev-latest,0.04,0.99,0.02,0.91,0.79,0.08,0.05
ab-test-000317,0,b6f6a798aeb6907e214b9e5372c220c8ddf1f75734c09666f7d3b937208b9112,jev-latest,0.01,0.02,0.02,0.93,0.78,0.03,0.01
ab-test-000318,1,7f77e894296b38ab13e98f449ff3effa8fdb04902130d7d2761461497a8c16da,jev-latest,0.94,0.97,0.85,0.96,0.15,0.09,0.94
ab-test-000319,0,e05caa156c8b86d3f0c8138f8235a9c273e7939e2d02e6b6d275f9fe014e5f02,jev-latest,0.01,0.02,0.02,0.83,0.81,0.03,0.01
ab-test-000320,0,ae76c36abd238983960ea7fed25b25b8c9fdc9281491ed27ff937df0114cd01b,jev-latest,0.02,0.04,0.02,0.67,0.67,0.2,0.03
ab-test-000321,0,8fdb8710b6144d9e1a764c08730b17d72d884dee074ca930c3f7b2c9fcd91229,jev-latest,0.01,0.01,0.01,0.74,0.93,0.03,0.01
ab-test-000322,0,d9690ae203a635cb3108c909c9f4ba043249926c46e76453294c4af998c559e3,jev-latest,0.01,0.98,0.02,0.31,0.84,0.04,0.01
ab-test-000323,0,c02b0bc88cd4b9a58c97544a52c959a5a198510c070017492db1bc341c294412,jev-latest,0.01,0.02,0.02,0.87,0.86,0.06,0.01
ab-test-000324,0,1514c10c11c9a073558f87b8fd0ce55c556680c2171db6441cf32fd85f6e2c89,jev-latest,0.07,0.97,0.05,0.83,0.94,0.22,0.19
ab-test-000325,0,73a19e3d8a99bd19f0d5ef149f5f0b55ad3b3a92b738a6885a7996366235a820,jev-latest,0.01,0.98,0.02,0.66,0.96,0.04,0.02
ab-test-000326,0,c6e8cd2962e9ca534ee929055ac661568e00659ceb64b11b6318f64367df9f30,jev-latest,0.01,0.98,0.02,0.78,0.94,0.06,0.02
ab-test-000327,0,e202b711a06f7d1f1fb2786388e9adf7569a607b892a1fd457128b31c7827e7c,jev-latest,0.02,0.98,0.02,0.94,0.88,0.07,0.04
ab-test-000328,0,05980064fe097734be5e4fc49f332e1bb81eeb3b9f15cbabbf3e4629c4d5fe28,jev-latest,0.01,0.97,0.01,0.07,0.94,0.11,0.01
ab-test-000329,1,bb58aa0105ba5e065a0a5a69496a2763e204971f7c6ee6999b096ffaf98bf13f,jev-latest,0.62,0.97,0.11,0.91,0.37,0.09,0.68
ab-test-000330,0,89adfb1070541215cab0e2136530f60f831e827182ceca66e83326aa72aa03d6,jev-latest,0.01,0.96,0.03,0.85,0.98,0.11,0.03
ab-test-000331,1,b03c31bd34ab93c71bbebe6feb24cf035be61d216ded41166983b4757ddf0be4,jev-latest,0.87,0.82,0.97,0.95,0.25,0.1,0.92
ab-test-000332,0,3242e8850bbe0472d42391198ed41f9ff878404bcee13c533f746d6667591022,jev-latest,0.01,0.98,0.02,0.91,0.96,0.05,0.02
ab-test-000333,0,542cd97706cfa0c479ea94cc7a839233f8cd931594c78f1c72ad0d93479ef97d,jev-latest,0.01,0.98,0.02,0.85,0.93,0.07,0.03
ab-test-000334,0,fd34367796ec778a2a905b1c29b4a23ea0546ba7ef1e35cf2f07715e90ae483b,jev-latest,0.01,0.98,0.02,0.83,0.95,0.06,0.03
ab-test-000335,0,e640d0369126ced6ffe7618b04f55a3935c090f645b2ed69752eb4ed0f7f7317,jev-latest,0.02,0.98,0.02,0.81,0.8,0.08,0.04
ab-test-000336,0,6d9aeb13c81e2cfb09fd97537aeb2e91972ad11d03a459b51abf623cbce68e5e,jev-latest,0.02,0.98,0.03,0.88,0.97,0.09,0.05
ab-test-000337,1,dcbb1767066702795eda2c4b3b10b3d80298445d7682444ff16a823b6ad9f21e,jev-latest,0.95,0.99,0.98,0.98,0.2,0.05,0.96
ab-test-000338,0,aa3d492f7ce27dc27a851dc42422b3aa43f3eefd89c16970b266e983e3cb4414,jev-latest,0.02,0.99,0.02,0.91,0.89,0.04,0.03
ab-test-000339,0,faf7255b7c9890cb8bf4d8ecf2b2e379047c6a1427507b4b658b562f77da81ea,jev-latest,0.01,0.98,0.03,0.06,0.73,0.57,0.02
ab-test-000340,0,ec693882d3d47d80a8f53c41dcbaccfb9894e28911c66a6bf983383921db8aba,jev-latest,0.01,0.02,0.01,0.91,0.83,0.06,0.01
ab-test-000341,0,8ed8ca9eca33e407b38c6ffa072823a09db80bbea3a359256c855f5c7be52f52,jev-latest,0.44,0.96,0.36,0.89,0.67,0.2,0.58
ab-test-000342,0,c3368fcb797aecc82ef1f72ce77c1a65d53858690ba40b8f03173fa4c6fd9bed,jev-latest,0.01,0.01,0.02,0.91,0.63,0.04,0.01
ab-test-000343,0,b9971255db85466396db194692b828bb9c62360d94cb6029319f7e6f02a470bc,jev-latest,0.13,0.98,0.51,0.91,0.91,0.11,0.49
ab-test-000344,0,f43083ad43fdd79e87debd2820087f58d673d5b2d3c05a80fef4f65d1d566a82,jev-latest,0.02,0.98,0.02,0.82,0.94,0.12,0.03
ab-test-000345,0,2bdedbfbc4a49523cdff8fb0014016d9322c578b5e165ea028c574d417031036,jev-latest,0.01,0.98,0.02,0.17,0.88,0.16,0.02
ab-test-000346,1,fba5f97be958aac669a80df8865aa954fce584d930ef047fc17875b2e8793d80,jev-latest,0.83,0.98,0.61,0.9,0.27,0.11,0.88
ab-test-000347,0,cdb785748b313dbde8b79d22a472cc4d85b7114008ace5b4606df398e0620bfe,jev-latest,0.01,0.98,0.02,0.92,0.89,0.05,0.02
ab-test-000348,0,9a43dbdea931c9adba447ba57a781611cf831aed668b232723d1c171fbf36c22,jev-latest,0.01,0.97,0.02,0.04,0.84,0.41,0.01
ab-test-000349,0,055480affc172760498085590ce79e453cab2dee710a468e2133c0bc451bd50f,jev-latest,0.02,0.98,0.02,0.94,0.93,0.04,0.03
ab-test-000350,0,69eb9d0a3606222774227bc70ff6fa4efd60faf5a496cf25b8185284d4d2d087,jev-latest,0.01,0.02,0.02,0.89,0.8,0.05,0.01
ab-test-000351,0,c184785a1166f2546cbc5fa7b640daadffcce8a64bafb7f5a11dc8c234b9dece,jev-latest,0.01,0.99,0.02,0.91,0.89,0.05,0.02
ab-test-000352,0,98062d380764b7659371aa3ed07739d254919d6346a7cce9b9d2feb2ee627db4,jev-latest,0.01,0.97,0.02,0.67,0.94,0.05,0.05
ab-test-000353,0,1a4c57d955aa2707d67c5fbf19190c2d1a7ca5bfdb88cdf1e10917a27791db6e,jev-latest,0.01,0.02,0.02,0.92,0.8,0.03,0.01
ab-test-000354,0,369f7db26694d1e3455e1c81de257b449ee89665d8effd89c031cfb6d445c747,jev-latest,0.02,0.98,0.02,0.51,0.63,0.09,0.03
ab-test-000355,0,f678b84727292bd4458b6df6491d2e73a2b07ad3b370905d6130773ea28cc3a7,jev-latest,0.01,0.02,0.01,0.04,0.69,0.1,0.01
ab-test-000356,0,750d2c1508eb297d5d9e1afb0b52bb99738ba1f34c2917b97646dd01f302c9c5,jev-latest,0.05,0.97,0.02,0.55,0.63,0.29,0.07
ab-test-000357,0,678deaff5e866b4e5877e0fd8c6a072b89d30e0b0ccf31a15db6f1baf4ce9ea8,jev-latest,0.01,0.98,0.02,0.93,0.88,0.05,0.02
ab-test-000358,0,98b7d0cae10d5babe2c25aeb19d24c5584b8645f0a9f87670fcae66e81587f94,jev-latest,0.02,0.02,0.02,0.95,0.8,0.06,0.03
ab-test-000359,0,b55b15ec85d4ad7a8e5b33dbff40e5cc37536715ede4f81c61e5c551c1b71261,jev-latest,0.01,0.98,0.01,0.6,0.89,0.06,0.02
ab-test-000360,0,676f673be104911c868e3bd5142cdfee985dd5b38e1bd6f6616faa9bbe1e13a2,jev-latest,0.01,0.96,0.03,0.06,0.9,0.89,0.02
ab-test-000361,0,2271f6a2e882ca1df3066b74e2dcabf5b899ef4031b8c546db3b69e3c05d7548,jev-latest,0.04,0.96,0.1,0.77,0.93,0.13,0.12
ab-test-000362,0,8f5e4ab375c6f1b101ffee03e47151396185737da784e35acaf87a6bb3b127bd,jev-latest,0.01,0.99,0.02,0.91,0.9,0.05,0.02
ab-test-000363,0,d61d5963e426b6809e660a21383e4c5fded01d2aa730844222bc181297c67ded,jev-latest,0.01,0.99,0.02,0.91,0.97,0.04,0.02
ab-test-000364,0,6135c20d602afef2e11eebda5a94babbb5c252f9ffb3b4afb1782637be25ba96,jev-latest,0.01,0.99,0.02,0.93,0.96,0.04,0.02
ab-test-000365,1,99cdb36fdcb70ab9b7387c82e7bf255c6eac2b879c80310ef9a04b9230890632,jev-latest,0.9,0.98,0.95,0.95,0.25,0.1,0.94
ab-test-000366,0,cd22a38d036e25ccde0a3ee68afeb2845fa8720309750c80c2d19dc67199b9ae,jev-latest,0.01,0.98,0.03,0.05,0.73,0.93,0.01
ab-test-000367,0,46ef6fc695d5c22fcb12c7c6cafddb66ea832580f62427613cfa38955d4d9593,jev-latest,0.01,0.98,0.03,0.02,0.71,0.08,0.01
ab-test-000368,0,259b7b79fe53e37d60410321d087dec87e6ecfe1bca11c0fb98651b89896fbfa,jev-latest,0.04,0.95,0.03,0.89,0.87,0.15,0.12
ab-test-000369,0,abff1c8b57f3b7fe93fd46c6555a1fd8c8e4578233b0b8d1ef1e7ac21625c5ea,jev-latest,0.02,0.98,0.03,0.93,0.85,0.07,0.04
ab-test-000370,0,bdfdd64e4b48848dc42c99083a8d7d4ef6146bfd1c9d17c584fd5ab5ef74ccbc,jev-latest,0.01,0.02,0.02,0.89,0.5,0.08,0.02
ab-test-000371,1,f868df9a700ac2fbf43b3b489b91f1ef3bc980a312682e7d56197c40c387977b,jev-latest,0.86,0.98,0.89,0.9,0.22,0.11,0.91
ab-test-000372,0,998bce6523ee62a4c7b581c5c78c4ccca0cc777c5dec2c44cb5d3a2ea0a2a820,jev-latest,0.01,0.01,0.02,0.56,0.88,0.03,0.01
ab-test-000373,0,bd9e7cae0be3bac5eca9090ae5466912c1ee1c1f22b639c29f7abe201652c75b,jev-latest,0.01,0.96,0.03,0.86,0.98,0.11,0.03
ab-test-000374,0,cb4fd7b8c5c63d24e99679036848045a3ac1fbe4986c6d4bc3497471471bea1e,jev-latest,0.01,0.98,0.02,0.12,0.82,0.46,0.02
ab-test-000375,0,18c0bfa966157c5c7c42f405fc969ed82445cd4a8a39ca85d70a1ee5c86393ea,jev-latest,0.01,0.97,0.01,0.84,0.97,0.06,0.02
ab-test-000376,0,e883c0dd411afa1092a5b73afa15ca8cf7a9853c8f985ee0e3f46174467237cc,jev-latest,0.01,0.98,0.02,0.61,0.96,0.04,0.02
ab-test-000377,0,fd304676006372e13cf943b80870699e8011f18349baf6f17d591f57cd922fc2,jev-latest,0.01,0.93,0.02,0.32,0.43,0.12,0.02
ab-test-000378,0,949f3e858ec7d41624b8a007fcdb0576133b63bcbd2867d1b15d26a04d16bf6d,jev-latest,0.02,0.99,0.02,0.86,0.93,0.11,0.04
ab-test-000379,1,aad6c0a42c71064515cd47f7f08116b3131df92f20d36f4ec8de1db90c09eecd,jev-latest,0.74,0.98,0.9,0.89,0.27,0.17,0.87
ab-test-000380,0,a4bd6b0dc6e1553c94fa16cf336a5c660bb1493695e8e127c7772a92c1fe808f,jev-latest,0.01,0.98,0.02,0.68,0.72,0.07,0.02
ab-test-000381,0,ef77c19fb5990ab96d3390e7a44145c5e17889d99c4a9e75593151996333ed59,jev-latest,0.01,0.97,0.02,0.06,0.6,0.51,0.02
ab-test-000382,0,dadc6f54b2db148bf92fa6111e75aa97c1c4fef610183ec7f55c1b2d5c51e15c,jev-latest,0.01,0.99,0.02,0.58,0.86,0.04,0.02
ab-test-000383,0,1dcf5f3d3eb8ea0a79289c6c57540e2c48dfa16aa13168b7fd64008a6fe9983a,jev-latest,0.01,0.98,0.02,0.15,0.74,0.05,0.02
ab-test-000384,1,6866f7c889ba38ca67c176174d2ae54c5ca4df3852312817c31d599d5894bb42,jev-latest,0.96,0.99,0.98,0.98,0.13,0.04,0.96
ab-test-000385,0,4407c2a82ff03c37a17ab688e71275b914981a5810d6be1f278ca9df0c90aea2,jev-latest,0.01,0.98,0.02,0.62,0.96,0.04,0.02
ab-test-000386,0,98ff4275d7331bc6c275b1e25841fb5a8b643475c8c3745af14c7c8305844b2d,jev-latest,0.09,0.98,0.63,0.93,0.92,0.09,0.27
ab-test-000387,0,c05b694756d5fa1253b6e3ca33724aba3d64333db498c4173e447944e1fa5cbe,jev-latest,0.01,0.98,0.02,0.71,0.95,0.05,0.01
ab-test-000388,0,e6372f22f1da9928bf5008e64d1f43311c29a70069fba34d40413d6ee95aa458,jev-latest,0.01,0.98,0.02,0.07,0.85,0.65,0.02
ab-test-000389,1,d21dcbc657d883f893474cc138f2f7a0cca25da87e97b69713b1420696b8e685,jev-latest,0.9,0.98,0.98,0.95,0.16,0.16,0.93
ab-test-000390,0,a31da68b293d56124c7127ef624958b105edc989cdc8357215078a6ad16e723a,jev-latest,0.18,0.97,0.05,0.8,0.76,0.1,0.19
ab-test-000391,0,a0be7b64c871fa23a9e28d721eaac2fffde91634546af6cbbbd38e1e4fb6df3b,jev-latest,0.04,0.95,0.03,0.9,0.92,0.17,0.12
ab-test-000392,0,a32ec60b932b39fb00cdce1bc28391c61e5d215a1f1d8d1a5ca3328513631c29,jev-latest,0.01,0.98,0.01,0.02,0.87,0.04,0.01
ab-test-000393,0,f0f4e1e81221cc122b48c3936359c1b8f2a4846d74307568960519e1fbf28a30,jev-latest,0.01,0.98,0.02,0.07,0.72,0.84,0.02
ab-test-000394,0,094ec1d15be06bf0d47a66d0f85b6f4b1d7bba37d6d7ba047807afa9af353ac0,jev-latest,0.12,0.98,0.02,0.33,0.61,0.2,0.1
ab-test-000395,0,2034eaa5cb579499fc276c80951299a1de265b90fad8883d2eca1b43ed70eda6,jev-latest,0.01,0.02,0.02,0.93,0.86,0.06,0.02
ab-test-000396,0,16f8e8ff9498a52334e717e0d58a43a650d6e5f9a646afe46ef4dc7547451e46,jev-latest,0.03,0.96,0.02,0.86,0.55,0.16,0.04
ab-test-000397,0,7d286ed3c97697d360d792c6eccad1c095de75011e8b2636b33cfe83212d0a1e,jev-latest,0.01,0.01,0.02,0.82,0.87,0.03,0.01
ab-test-000398,0,c31b163e7e68f1bacf044693b0b287bcf28f07dda85099b29db35f8aad006226,jev-latest,0.01,0.98,0.01,0.46,0.89,0.07,0.01
ab-test-000399,1,a980681b6b8ece9e5dfe4c9155da2d236c14cc6a57ab0d286f541b6f2101a7ce,jev-latest,0.53,0.24,0.6,0.86,0.53,0.24,0.57
ab-test-000400,0,e1dad77414f57d34135b87477f302b4dffd1bab736ebddfc8db724478aaf3939,jev-latest,0.01,0.98,0.02,0.65,0.95,0.05,0.02
ab-test-000401,1,cba27002351366f5b6dc0f31349d8de84c0839feeddc074fc42aa6af3d3eee55,jev-latest,0.92,0.98,0.97,0.96,0.22,0.13,0.95
ab-test-000402,1,1ab08cd2da748a209f927b0e69b678ac0c5d50903442b8136648f24cf57c5896,jev-latest,0.93,0.98,0.94,0.96,0.24,0.07,0.95
ab-test-000403,0,e633bf0ae1fa777ce8877bdffa6b80132dffcf685cf827af2b8520d4ccec5864,jev-latest,0.02,0.98,0.02,0.47,0.96,0.51,0.05
ab-test-000404,1,5442d4c87f0a2eb0148f8e255d0ff71f68141e26a067e480a6b3203318b5e076,jev-latest,0.41,0.94,0.09,0.8,0.6,0.23,0.6
ab-test-000405,0,ec07749840e90562160c4565000f6f5c56cc88b9de305a153c907ebd5f5c65d0,jev-latest,0.01,0.01,0.02,0.92,0.81,0.04,0.01
ab-test-000406,0,687154f6cd52e2bb80990dd1c51f04d7a37afc9c1574c0525c0e0864dff768c3,jev-latest,0.15,0.98,0.85,0.93,0.93,0.08,0.48
ab-test-000407,0,d439c705c83581ec9b330847ddb34cfe4135452c3eabbb3e2941abb37f823961,jev-latest,0.11,0.96,0.18,0.79,0.88,0.12,0.32
ab-test-000408,0,256d8d05c1a3dbf0a92815cf06d9bd6268a8556a3d333f2800fa7cb5aa082d24,jev-latest,0.08,0.98,0.03,0.88,0.87,0.15,0.1
ab-test-000409,0,522cab21dde81558019b59ac6720d39c1a60b00a4e17215dac68001ed752fc7e,jev-latest,0.06,0.98,0.13,0.95,0.96,0.05,0.26
ab-test-000410,0,e92b873d0a646795b1da5c517eb6553dcec6f17c5a8a322b47bc9a93a0c61d1b,jev-latest,0.04,0.98,0.03,0.89,0.58,0.1,0.08
ab-test-000411,0,a2ea0ad2479353b9c08127d0482990ecdec932337a54a7eb496adc339883d4a8,jev-latest,0.01,0.98,0.03,0.66,0.94,0.25,0.03
ab-test-000412,1,6f9b3b50be1be2f917e8bfa0d983bbb8f6bd7d0f425a4c493765930aa4caf0fb,jev-latest,0.68,0.97,0.42,0.93,0.48,0.21,0.86
ab-test-000413,0,7d54accf1eecdbb024dfb1e45b857913bef9bf94c0fc72e0afe455c8cdad8f4d,jev-latest,0.03,0.98,0.02,0.32,0.67,0.16,0.07
ab-test-000414,0,15829d2d5720704d3f733aa92663bb76ef70a2f39f73fdd792a1bfab442112ed,jev-latest,0.01,0.99,0.02,0.94,0.96,0.04,0.02
ab-test-000415,0,b27e2d3f3bb00f1f2b69b978843d527f267cf6c92e84a12550d0400076ab74c7,jev-latest,0.01,0.02,0.01,0.02,0.85,0.41,0.01
ab-test-000416,0,8073f46735989e2b86595e558441e8220054d99f3a1a58b4ac5a040e12bb55a2,jev-latest,0.11,0.98,0.02,0.85,0.81,0.17,0.12
ab-test-000417,0,dd46f5b8d18f5bad0247f9350795da56f85f6bd4d544c4baf7d76593b448aff8,jev-latest,0.01,0.98,0.02,0.52,0.95,0.06,0.02
ab-test-000418,0,990629f245702e2b9bf116c50c490c186ed75b0e4050a5514d9913c5db844a26,jev-latest,0.04,0.99,0.02,0.95,0.79,0.05,0.06
ab-test-000419,1,920d21e76b10600104e52e59fd58f834ab52a67381be5d46c092067425fe8215,jev-latest,0.66,0.98,0.98,0.91,0.22,0.29,0.88
ab-test-000420,0,2bb90ce703fdafcf09199445294e7316073b41b4ee5432ff8e15a389e3430a8b,jev-latest,0.04,0.98,0.07,0.9,0.95,0.07,0.09
ab-test-000421,1,ae12d6e4581be82dadc5b95f696b5fb74c41ee482a01a95c84d5699251f36d25,jev-latest,0.78,0.96,0.96,0.82,0.14,0.39,0.9
ab-test-000422,0,a647ad6b5798eb06f8cbdbfbe1e4be9567f17486a1ebd523e607630db3f07fcf,jev-latest,0.05,0.95,0.14,0.82,0.93,0.11,0.15
ab-test-000423,0,2f93db4617a097f209e840690ccaf980103fcc308edf5b371f395c8ffe2a9fe1,jev-latest,0.01,0.97,0.01,0.03,0.88,0.1,0.01
ab-test-000424,0,095431db88f96e3334b7888b72bea42eafac4bc5503c8338d985802602757200,jev-latest,0.01,0.98,0.02,0.07,0.8,0.08,0.01
ab-test-000425,0,5d01a3da3d68521ee8b743d16a97bde1d2bc62ccde8cc9873ccb7d8a10b19810,jev-latest,0.01,0.02,0.02,0.93,0.9,0.04,0.02
ab-test-000426,0,849c8c0d2d8e880c2ad175c45823cca694ba4e274d3128c7339a749a619f16f8,jev-latest,0.06,0.98,0.04,0.92,0.85,0.07,0.07
ab-test-000427,0,2ed66faaa0cb8f7b08745c919e4d229fe1a30c6ddc2f25c7bafa16b68ed87c11,jev-latest,0.01,0.02,0.02,0.82,0.73,0.09,0.01
ab-test-000428,0,9ba1cfdf3edbf71e5a82da363c3e27fe389af35a9b4a05834bdfbb509b56ff6a,jev-latest,0.01,0.98,0.02,0.34,0.88,0.09,0.02
ab-test-000429,0,f16c7e66a615032cc4e1812745a564c10831011899d7857a42955899354ea53d,jev-latest,0.01,0.02,0.02,0.92,0.69,0.04,0.02
ab-test-000430,0,c39f3a0438bf8814abdf50bffbe904a6e48ec02fcd21ee6ef9765efa56933a82,jev-latest,0.38,0.96,0.29,0.89,0.86,0.18,0.7
ab-test-000431,1,3d8c093e9e2351e0d6e3c274376dabfd50be397629b3f748b739e78ed98dad58,jev-latest,0.89,0.93,0.83,0.97,0.28,0.06,0.92
ab-test-000432,0,53047bbc18020504a2cffc0038e96d320b36262839171681591cb87fdbae7291,jev-latest,0.01,0.98,0.02,0.25,0.68,0.17,0.03
ab-test-000433,0,e63d546e27a5ba935274571082eed8e5f486226f9d9d3935a8bda73c6182d1ea,jev-latest,0.03,0.98,0.03,0.93,0.96,0.07,0.06
ab-test-000434,0,11faee7682371eb7d202364f8bd117cd9019642c6bc7bcb9241c52484b8d808e,jev-latest,0.02,0.98,0.02,0.87,0.88,0.12,0.03
ab-test-000435,0,fc5d23d544b01fd8827e8282776f0b25a424b7105c994a4a20965515627e3094,jev-latest,0.01,0.97,0.03,0.83,0.98,0.11,0.04
ab-test-000436,0,96607346ec546a01230ed0b42b1bd739f7d305b5094531b59454ca67bbd8840b,jev-latest,0.01,0.02,0.02,0.91,0.92,0.05,0.02
ab-test-000437,0,6b49a5c1df4dd8db0e282fad436ccde89cb99fbaa275550ed2f7f2fb92159c98,jev-latest,0.01,0.01,0.01,0.93,0.51,0.04,0.02
ab-test-000438,0,461cd8634b8ad11298eb9a2efa31200256b49e9b84246ca367065c104dbede38,jev-latest,0.01,0.01,0.02,0.95,0.94,0.03,0.01
ab-test-000439,0,5a8d65256a15e02ab7f2d8e2908a8ec2be5338fb879d9a2607c3686746ea5299,jev-latest,0.01,0.02,0.02,0.9,0.89,0.03,0.01
ab-test-000440,0,88803ad9eeef0dad6d50d59410c7fed3d64b2749fefbdf1700f8395ee27030b9,jev-latest,0.03,0.98,0.02,0.86,0.81,0.14,0.03
ab-test-000441,0,540fc93a5a356e3ffaff98ee2a9826efb138900b554c90163a7e34a15e316a59,jev-latest,0.01,0.03,0.02,0.83,0.97,0.08,0.02
ab-test-000442,0,594951deb616a1f54b645888c3a9c61c1f8ec3dce997e7a028e6bdbaca9621e6,jev-latest,0.01,0.02,0.02,0.94,0.76,0.04,0.01
ab-test-000443,0,04a6e5ffc933635a8d41bef1eec0ba7276b3a8e3df2a7539895e5c559b57bd23,jev-latest,0.03,0.97,0.07,0.86,0.93,0.12,0.08
ab-test-000444,0,7826b0b20efa8d32367bdc1aa4a78920ee601af9f401c145658b3481e26af56a,jev-latest,0.01,0.95,0.02,0.46,0.95,0.12,0.02
ab-test-000445,0,5d995d3d90389693da4ca3c480c6d47a9dbdaa897e8f820232879dafd1ea9962,jev-latest,0.01,0.99,0.04,0.64,0.94,0.04,0.02
ab-test-000446,0,8884b3df44d6f1b7b3040350e1bac643263cb001095a46bb56ca0f1d9c620b13,jev-latest,0.01,0.02,0.02,0.85,0.81,0.07,0.02
ab-test-000447,0,edaf043e67b7992084e0cb0da1fe088fd84ecce54fe617f695a482a169abf5d9,jev-latest,0.01,0.99,0.02,0.92,0.96,0.05,0.02
ab-test-000448,0,e84712b055959ee8298132a3d66f820de364b2d1709d15439c5ca83f708ffaf9,jev-latest,0.02,0.98,0.02,0.41,0.91,0.59,0.05
ab-test-000449,0,6d4b5ecebdc51840a54edf3f2d82253a60e0cbc2e54991b5fc29bc96a1691e8d,jev-latest,0.01,0.02,0.02,0.91,0.86,0.05,0.01
ab-test-000450,0,ea40a54d352cc12cca025652e8895fcf3ae6b8b138fbf9476873897231d2a4db,jev-latest,0.02,0.99,0.02,0.44,0.94,0.6,0.06
ab-test-000451,0,5949b00efffe098e8bc583c15f2b82bdafe504d22b5cf91a651f491835220286,jev-latest,0.02,0.98,0.02,0.93,0.95,0.06,0.04
ab-test-000452,0,8cf60b55aa040fbcddd7b5a401793d3bf65dac675ed81d7e4c2799381144b137,jev-latest,0.03,0.96,0.05,0.74,0.89,0.11,0.06
ab-test-000453,0,0c915669b156cc395a6a1318aa5c9a2953b027c45365ad6fa995b145c81c261a,jev-latest,0.01,0.14,0.02,0.2,0.68,0.28,0.02
ab-test-000454,0,3a7fa7ee7290d2e07ba8f34f3844a94171770b7863efc658817251519c9513d5,jev-latest,0.02,0.99,0.02,0.69,0.78,0.07,0.03
ab-test-000455,0,a7484a4fc2fa50dc2e34d90d6e0f2f58fb4533e171912a7dd5db7f4a45f214b5,jev-latest,0.01,0.01,0.01,0.09,0.91,0.03,0.01
ab-test-000456,0,c556606d808f86ef9ccc6bfd5c873cd74272b811a06287fccda8bad1454b4390,jev-latest,0.03,0.99,0.03,0.94,0.96,0.05,0.04
ab-test-000457,0,4542922634b014130b434ca358b7000a2419d7d350c64519352e6bd03ca0e8d7,jev-latest,0.01,0.02,0.01,0.89,0.8,0.06,0.02
ab-test-000458,0,284930d9c3e08e3edcc4d7233f6791e0aa1d5372ff7d7f1f89b690c30b35dfde,jev-latest,0.01,0.01,0.02,0.95,0.39,0.04,0.01
ab-test-000459,0,424c9ae06d5697553c24d4ebfd161f10ef5b561edd8dd2d3fe526098fc547508,jev-latest,0.01,0.98,0.02,0.73,0.71,0.07,0.02
ab-test-000460,0,63788a91f9bc01812f9c194618dc7c9286ec0f308643cee96464fcf85cd47fa5,jev-latest,0.01,0.98,0.02,0.52,0.96,0.06,0.02
ab-test-000461,0,f6283786db10d76960a0c142c1e817884b4db0b4bea5188ddf27f5c3f78e3d6c,jev-latest,0.02,0.97,0.03,0.84,0.98,0.13,0.04
ab-test-000462,0,1a1cf531a45d57d4ee2fe93f974b3d2761a2aa72f3157af196c4e1e61178c453,jev-latest,0.05,0.02,0.02,0.96,0.5,0.06,0.13
ab-test-000463,0,260f15d0bda76bd470c10e78d41d3958bd4a1f4dcf184d9e8cd02a25c60f7328,jev-latest,0.01,0.98,0.02,0.24,0.84,0.05,0.02
ab-test-000464,0,89f57fd75b252385d0465144b55759d03770919624c61fd265015d10091add48,jev-latest,0.01,0.02,0.02,0.91,0.82,0.04,0.01
ab-test-000465,0,b664f856b01c57fa6172da02bbde8adf5397ff54b6eb579ca012548fa1ff949c,jev-latest,0.01,0.01,0.02,0.94,0.69,0.04,0.02
ab-test-000466,0,4f0c8d1b771ef9d9d97cf5ddd29b454b328d7d07c7173ae15e1ec18bd1de92ff,jev-latest,0.01,0.98,0.03,0.13,0.24,0.85,0.02
ab-test-000467,0,277b90f9ed5a220fa91bc7859b62023799e2c5cd5b587f45469b124549ed9b82,jev-latest,0.02,0.97,0.02,0.67,0.94,0.06,0.06
ab-test-000468,0,9ad2a820e4925402793cd1726d9eec59e0ce2786f157c66260bc637ff368b168,jev-latest,0.01,0.02,0.02,0.95,0.79,0.03,0.01
ab-test-000469,0,e4b98129039ad08c62fe41465839d546088e70f84074043ae7c945a3506fe5c4,jev-latest,0.01,0.97,0.01,0.35,0.89,0.12,0.02
ab-test-000470,0,6f388dae3101265f28c4f3806cb37215778321a9f22504b08b2ca02ad6639edc,jev-latest,0.01,0.98,0.02,0.53,0.97,0.24,0.02
ab-test-000471,0,50a623afa195932124b707f106aa83077ebc00a7fc04cd2b19482570fc4d9fc5,jev-latest,0.02,0.98,0.02,0.8,0.59,0.08,0.03
ab-test-000472,0,d1877493802e8f6d66c7e0359369000ef0d7d4c0e61053d2fefe12a68dd4e7ff,jev-latest,0.01,0.97,0.02,0.05,0.94,0.05,0.01
ab-test-000473,0,033aae313e6419b3a506837d94ac2ade6550f391f81893e8c0390ee7d09fc9f3,jev-latest,0.01,0.98,0.02,0.65,0.94,0.17,0.02
ab-test-000474,1,ffa7f96931fa54576793661b9b4c5baefa3024ec2b8705cf8549500e027b9718,jev-latest,0.69,0.97,0.96,0.86,0.42,0.21,0.6
ab-test-000475,0,4578397d7a6ad31f7db58c2cde97f893996cc97049f21a32a06d2cc77b2946a0,jev-latest,0.01,0.99,0.02,0.03,0.82,0.08,0.01
ab-test-000476,0,bdfd669d1f0f0f54f75181e01f399276206e35a5fddff219921e2b08c431e8bc,jev-latest,0.01,0.02,0.02,0.92,0.87,0.05,0.01
ab-test-000477,0,261500f1e608d08db4c79dcca27fd824a5f2625ddfd601c04bf0d2b85aa99019,jev-latest,0.06,0.98,0.03,0.86,0.73,0.05,0.09
ab-test-000478,0,2150339201609449735eb4c1f69223c4a9b9eb063623d92ca78577fbb0e2a5be,jev-latest,0.01,0.98,0.02,0.07,0.73,0.24,0.02
ab-test-000479,0,4892f3e2bdeec8d520384ca2566390b62848d3a8c90132e07d3514791535146e,jev-latest,0.02,0.96,0.02,0.79,0.78,0.11,0.04
ab-test-000480,0,df263201f8c3a2a008c9fb7cbbcf96d6d6f22fc769ed07bc5f95fa772e60a8f5,jev-latest,0.01,0.99,0.02,0.93,0.94,0.05,0.02
ab-test-000481,0,879aa40b12f78fbd2d1469e8c005469da350334550f9bed60575e69f993e5907,jev-latest,0.01,0.98,0.02,0.87,0.93,0.07,0.03
ab-test-000482,0,a409f4228922b2f507287bca54f87a507aba03f3fa545acb8db16a13644c7f41,jev-latest,0.02,0.98,0.03,0.94,0.87,0.05,0.02
ab-test-000483,0,7c1084b4a617550f868fdf7bdfa5d2a423956b60c4e6950cfeb47e7608777774,jev-latest,0.02,0.98,0.02,0.88,0.95,0.06,0.03
ab-test-000484,0,d375f131c31fbee2f365563b1ffe37f254272960ffa081ec0612fd94a2194121,jev-latest,0.01,0.73,0.02,0.05,0.9,0.69,0.02
ab-test-000485,0,f74a5b17f18bee2dade5109e3bdd204cf0590b92c7c9d403a92e395d7809082d,jev-latest,0.08,0.98,0.02,0.91,0.68,0.08,0.1
ab-test-000486,0,7619e144599c5d0b0a4acb596a9661baccf463dd566827a4e621cb12e6e2dd3f,jev-latest,0.01,0.02,0.02,0.83,0.92,0.06,0.01
ab-test-000487,0,997056fc126a853d665b3eb1aa64b43e52dcb7296bcfecec19fce5a7c6e45992,jev-latest,0.05,0.99,0.02,0.9,0.94,0.14,0.06
ab-test-000488,0,448b4fa05cf3bc37726da078c1c24aa0442c06ed278a757e2f72c0a527c883b3,jev-latest,0.01,0.02,0.01,0.88,0.91,0.06,0.01
ab-test-000489,0,c80e30ac7517a115a168c0678938457e7bcfc2cc77f41231870f6f8b2ead8244,jev-latest,0.15,0.99,0.41,0.95,0.94,0.06,0.66
ab-test-000490,0,e43fc8738bdd162b8df8786718bf11b22228f1cf7943cb983c2dd6f50a8da446,jev-latest,0.02,0.99,0.03,0.93,0.96,0.05,0.04
ab-test-000491,0,46a3ede1db8e7bdf01ac76afc48b51484b00afa2d8487f34f465411d61d55476,jev-latest,0.01,0.99,0.01,0.27,0.8,0.08,0.02
ab-test-000492,0,817e9fec7f01f03b4a9fbb5e70fa784756220d39c5db7726e94accd292c00ea4,jev-latest,0.01,0.97,0.01,0.48,0.97,0.06,0.01
ab-test-000493,0,f7b4e817a8c84214553fb6aad758a8bfb8345003b019f43ff25f22a89f6af942,jev-latest,0.01,0.01,0.02,0.67,0.97,0.03,0.01
ab-test-000494,1,461fd71bfffab99e962d45e1a432846533cdf2a0eeeb204d6f803e180876f3c6,jev-latest,0.94,0.98,0.97,0.97,0.16,0.06,0.96
ab-test-000495,0,fb32e3afa66f0d63766dbb1dd9e150df580a372ecc7328cf939e2499356be814,jev-latest,0.01,0.99,0.01,0.92,0.98,0.03,0.01
ab-test-000496,0,4b0d32aa1549e81a7acf62c34cc5d1e233fdf36d7fa3cd03b94413606b37aade,jev-latest,0.01,0.98,0.09,0.8,0.96,0.22,0.03
ab-test-000497,0,c0e25ee523b74060ba1de116484261b24c179a6be2d6b451f6877f4ec95b4359,jev-latest,0.01,0.02,0.01,0.82,0.82,0.09,0.02
ab-test-000498,0,f75a347f8fb5e7b2337545f8207a6187c81a6ab47f5aa6cdbee4b1430a89b475,jev-latest,0.01,0.98,0.02,0.3,0.97,0.65,0.03
ab-test-000499,0,ab87d09a3102f031f1ee83ec167fcfd5268fe2dbb90d2a3d10a47caa6ac4f777,jev-latest,0.65,0.98,0.07,0.95,0.38,0.08,0.73
ab-test-000500,0,bddb48576ad8ba13c05769154ff2ea7b06be865c76c4478a199b5eaf314ea129,jev-latest,0.01,0.02,0.01,0.95,0.95,0.04,0.02
ab-test-000501,0,4a3e57ecae7277eefbc2be9cc3bfc7308af96ede5e28741b17fc7ab99ad76258,jev-latest,0.01,0.95,0.03,0.04,0.9,0.81,0.02
ab-test-000502,1,905b12d673d2ef2510bee646805cce92fa5dcf11fd72932ec8a5aec1e810aa71,jev-latest,0.44,0.97,0.88,0.65,0.61,0.15,0.48
ab-test-000503,0,dae61c990802aab2f3d9cc7d7701442a1713399a016f9d41fa288871473d12da,jev-latest,0.06,0.98,0.04,0.92,0.94,0.06,0.1
ab-test-000504,1,0e589997b512edc6ee10fbba5b1c9b8d11810084c1311d82d105d2274b7d9423,jev-latest,0.3,0.98,0.97,0.84,0.87,0.44,0.56
ab-test-000505,0,3abff60f6be91128e3dab6c8a1df9430d9dc3f5756f57b6355290669f87221ad,jev-latest,0.01,0.02,0.01,0.94,0.85,0.03,0.01
ab-test-000506,0,b2aa3a75c78f3b00b4b0f32ffb0c9f2ec13eb888765a390318d28923f365e9bc,jev-latest,0.01,0.02,0.02,0.94,0.87,0.06,0.02
ab-test-000507,0,7bee5302a3e4e19506a160c15fc5d8c4eeb16d55781cc11bbe56f8e174dc2098,jev-latest,0.01,0.99,0.01,0.94,0.97,0.03,0.01
ab-test-000508,1,444d41c1950617dd212b8f3a60af7c8b2ee467ec1fed713790057ac47d8deee8,jev-latest,0.87,0.99,0.98,0.97,0.4,0.06,0.96
ab-test-000509,0,295c1d573773fe74bd0741d981a375c5f3b867cea17c022a4ea7c0591cd38e73,jev-latest,0.02,0.06,0.02,0.46,0.46,0.37,0.03
ab-test-000510,0,5970a4f15d0cbf72d8b5d55ad72f0ca201eb84583bdd1de597f3fbf3d2fd2fdf,jev-latest,0.04,0.98,0.03,0.93,0.94,0.08,0.28
ab-test-000511,0,c40784e7d88b55d544a514677a6fb93c154a4dd3b53963eddbcc7af6f4b33b03,jev-latest,0.01,0.02,0.01,0.5,0.88,0.06,0.01
ab-test-000512,0,86b493d7f6872de7365270e17fd7e2baa6bf53ddb99567d719223062604837e4,jev-latest,0.03,0.96,0.07,0.86,0.95,0.09,0.11
ab-test-000513,0,8f7e9cbd3d95394cfeee30e36c34e5505477dd03b6a297c5ee96d8c0008da366,jev-latest,0.02,0.04,0.02,0.78,0.54,0.21,0.06
ab-test-000514,0,c55b355dec1777f19ea7b1b1bca0a7525c8afc7d5a12cd3847ce8b4fa48ffd16,jev-latest,0.01,0.98,0.02,0.15,0.93,0.04,0.01
ab-test-000515,0,c932ca25ee405d40d57eaaf14a523a564203bad45f319ca5acc0a13c9b19891a,jev-latest,0.01,0.97,0.02,0.09,0.18,0.09,0.01
ab-test-000516,0,363cb6f2867fd7d8989260962b73273f2aebf5b12eafc8ad3f8a38aa790a5aec,jev-latest,0.07,0.97,0.03,0.56,0.54,0.67,0.16
ab-test-000517,0,4086ea69f049eeb383f36639cbc9fa1919b99b62a3520f3ec0f089716b3c271c,jev-latest,0.22,0.97,0.31,0.92,0.93,0.16,0.56
ab-test-000518,0,933e7be6753b47295eb34bc2c56226de697d3ebebe5574ec5ef3b9b9c8589f20,jev-latest,0.05,0.98,0.03,0.92,0.93,0.19,0.09
ab-test-000519,1,fd02346ae3e73880d4b38b685f68115fdd9d2ba477f264a19e6f066cbe4613c8,jev-latest,0.73,0.98,0.57,0.93,0.57,0.1,0.88
ab-test-000520,0,44e3e86ea14081c0f402740c573c858e01e79fb52d4dde75580e4dd96bb10049,jev-latest,0.03,0.98,0.02,0.85,0.81,0.11,0.04
ab-test-000521,0,1037f55a8618464bdf3c1bd4925e50e2347c31a831c6afa54a776d6b72a69e9e,jev-latest,0.01,0.02,0.02,0.93,0.86,0.04,0.01
ab-test-000522,0,021e68f5b0f19e27fc528905b304527c0b92910598974afda0b251bdd38fb41c,jev-latest,0.37,0.98,0.09,0.93,0.39,0.06,0.38
ab-test-000523,1,53a82bcf67da03d71c7a3479988ade7e73a097f78fec64dafbba1d5b08cee29d,jev-latest,0.84,0.98,0.97,0.9,0.17,0.11,0.92
ab-test-000524,0,8cd533d5a235ddd9fe5d99c482b0ecbffc155be9f456ecedff8908152775a0db,jev-latest,0.02,0.03,0.02,0.93,0.92,0.12,0.06
ab-test-000525,0,c3aa2f9abf78b22132f09a24c7af99d780c56b1d7ab7c32b86f55dc591a0abb5,jev-latest,0.01,0.95,0.02,0.05,0.89,0.17,0.02
ab-test-000526,0,c66cbec5f0b9cde8cefe7095765a2502ef165355ac8a4361435ce5cde8a6bf54,jev-latest,0.04,0.98,0.04,0.86,0.96,0.25,0.08
ab-test-000527,1,2812614e440026671388f5a8912980fd980322710a7579a0bd4aa7a400f212b0,jev-latest,0.9,0.97,0.92,0.92,0.17,0.11,0.92
ab-test-000528,0,174a291f2ec33c159318df7e8ff8a57e292e8e75e382161e12f9d98ab74d87cc,jev-latest,0.01,0.99,0.02,0.71,0.97,0.04,0.02
ab-test-000529,0,ab32dbda62f90433e7e7c0e0ea7c9dee41696d42bb456fe3c1408fa225529f8c,jev-latest,0.01,0.98,0.02,0.57,0.97,0.44,0.03
ab-test-000530,0,7c5cfbe89f3fafe155d539de4d56d742f46f713d6761320d09b8ec58905bd42e,jev-latest,0.01,0.98,0.02,0.34,0.86,0.07,0.02
ab-test-000531,0,4f7fc8989c1b8af4d2b2acdb7fc7ddd7b68c06fbaa3d8054efea58e94e70864a,jev-latest,0.03,0.98,0.02,0.89,0.86,0.12,0.05
ab-test-000532,0,4d354802348a450022a486d48b4d5c502bfd8776e51233285eea2dbe1de09a96,jev-latest,0.04,0.98,0.03,0.82,0.86,0.17,0.08
ab-test-000533,0,baf1f7440c035470b76224841ab762813fdaa7f7f01808232350e66a9836d9de,jev-latest,0.02,0.99,0.02,0.88,0.91,0.12,0.03
ab-test-000534,0,cd440232e59f465343a12b7d285583968c8ab7a4f940311fc749c4ecd637143a,jev-latest,0.01,0.02,0.01,0.89,0.81,0.06,0.01
ab-test-000535,0,5d605f9c9549637a4bf675967b74cb289ad621abbd8b89d663c68e343f021b50,jev-latest,0.02,0.98,0.02,0.76,0.95,0.14,0.04
ab-test-000536,0,4a8112d172d26fd311eadb988b8387c9feb880098d076e70652d1381d8a84240,jev-latest,0.01,0.99,0.02,0.87,0.88,0.06,0.02
ab-test-000537,0,83b06f694fd671fdec9f99c55641accc5ff1730b932ae9ae310d2f857a2f86f2,jev-latest,0.01,0.98,0.02,0.13,0.82,0.24,0.01
ab-test-000538,0,e9a531e98bf05ff093ed1822cb432631d57f59f90d61fcf0c9b8e2cddf7c9c3a,jev-latest,0.01,0.99,0.02,0.93,0.96,0.04,0.02
ab-test-000539,0,6bd7d2754b224e458b697047f6264e1c9c3084f0e884e63e5169048473dfdfac,jev-latest,0.06,0.98,0.04,0.91,0.87,0.08,0.08
ab-test-000540,0,1b5941aa9441192f7f09c236f584506d985401af595147d42286a8c6cb42dc5a,jev-latest,0.01,0.02,0.02,0.61,0.84,0.03,0.01
ab-test-000541,0,35dbd908bcdb388360009cb4aa8ca7ffd5889acb80eb67950a90d043fa6a94e0,jev-latest,0.63,0.98,0.14,0.94,0.39,0.08,0.75
ab-test-000542,0,b93b4ba234354c3b2f6782cc1a5b9fa1aa13da2d8af1e5e0f2a24316da455ee7,jev-latest,0.04,0.97,0.02,0.86,0.83,0.23,0.07
ab-test-000543,0,cf8e6142e7a49d60a384ce4559f0a1a0ce916177de5c7b784ed3c95ccbe8e9cb,jev-latest,0.01,0.98,0.01,0.92,0.96,0.05,0.02
ab-test-000544,1,6641c9126ff4fa4223de27bd87c7901f36e411963cad24cae73dbaea72ba1861,jev-latest,0.27,0.98,0.07,0.87,0.86,0.08,0.46
ab-test-000545,0,b334b8c0e15e9a6326d936d0de15fc66dfd8a0cd51473e56a670aa5a4cb1d885,jev-latest,0.01,0.98,0.02,0.92,0.96,0.04,0.02
ab-test-000546,0,34f290ac963f2c3dddd964330df6367960f5a7904cbfe45f32e906e5c399335f,jev-latest,0.24,0.98,0.09,0.62,0.51,0.17,0.18
ab-test-000547,1,cdc7085f99d2dbd0e0fcfb2c8376ca5e89714b322f720476ee784df21863912f,jev-latest,0.97,0.99,0.98,0.98,0.1,0.04,0.97
ab-test-000548,1,061ab46e22d6e4255aed2641afcb2017f5baf6edcf4fc401a4de9e854f7d2e23,jev-latest,0.92,0.98,0.96,0.95,0.21,0.1,0.95
ab-test-000549,0,125f9e9915697a65bb29e206e76b52cb4dc99c18709cc915db4513526eac90a6,jev-latest,0.01,0.98,0.02,0.24,0.97,0.64,0.02
ab-test-000550,0,60320d6500e35abe89180c9bb9752039b62d6f2853ad361138ca22861f4f0e5f,jev-latest,0.09,0.98,0.03,0.95,0.66,0.06,0.09
ab-test-000551,0,8e77bfbf2367fda67a37da02d7a530783980944d17f0696b275fa9f3d49f535f,jev-latest,0.02,0.98,0.03,0.6,0.95,0.4,0.03
ab-test-000552,0,a1eb606c90b2f37c81f9821617d3a8963b7f1a9593078c2e6ccfd4057ddb65c8,jev-latest,0.01,0.98,0.02,0.47,0.88,0.05,0.01
ab-test-000553,0,58d384736321f0bdc659c3a09a86190d8092f13d13141cbd0162e61d90f82af0,jev-latest,0.03,0.98,0.02,0.91,0.69,0.08,0.04
ab-test-000554,0,1628bb53fa04a3e7d32a4adc97714eddfdd06686e8977caa8035e122349c11c5,jev-latest,0.01,0.02,0.02,0.95,0.85,0.03,0.02
ab-test-000555,0,1f7d182983843571cf64b9e3f97ef175f6d6e212e40b0e72c68e73e44de0db70,jev-latest,0.04,0.98,0.02,0.93,0.77,0.08,0.06
ab-test-000556,0,421142b7ac85219d26588666f593bab0653edb4db638eefb2f3bf656e44a1064,jev-latest,0.02,0.99,0.02,0.93,0.82,0.04,0.04
ab-test-000557,0,8bdd035915f1d9f7a01404fc1ff72647a2cc52b9592b1883916140b5890f5230,jev-latest,0.01,0.98,0.01,0.8,0.95,0.05,0.01
ab-test-000558,0,50ac947f34e0152b99da51b663532494abf10ce03cf6ddddb96109e1e58e0a39,jev-latest,0.01,0.02,0.02,0.09,0.82,0.16,0.01
ab-test-000559,0,e98bacb361adf0fb8d3cae6d3691295d3c21b10c512c81dfd0b79fd6e9e2558e,jev-latest,0.01,0.01,0.02,0.19,0.67,0.07,0.01
ab-test-000560,0,de4fcc2b4e9a40b54805374e84a37f6666c5fe6e1ba112065aeb42cd887c0b73,jev-latest,0.01,0.02,0.02,0.94,0.82,0.03,0.01
ab-test-000561,0,eafdd9b415dc4712aff41ac0d25758ed2a949827c444facec808f1457e269f9e,jev-latest,0.01,0.02,0.02,0.95,0.83,0.04,0.02
ab-test-000562,1,94ea4023cb6bbaa0d46dd27e8862c87f22463768a1d1fea7edc959846f6080d0,jev-latest,0.91,0.98,0.88,0.97,0.22,0.07,0.94
ab-test-000563,0,7c2262b3081d944f98ad271e9c5b6e1c83b064b687ea224c884b16e6e2add4c7,jev-latest,0.02,0.98,0.02,0.83,0.7,0.06,0.03
ab-test-000564,0,2950f6086fb5bff691d3150ed59cdc54ccf5045c6e2ba381a31dd4540d1688c2,jev-latest,0.02,0.96,0.03,0.82,0.96,0.17,0.04
ab-test-000565,0,2680e423c6c4dd3c7a1e1f595e493ae73c6b8aa3e82c87f691397a607a9666d5,jev-latest,0.01,0.98,0.03,0.09,0.39,0.16,0.02
ab-test-000566,0,95bd60ae517623711eef691f25bd37edca404152859c234354b6a3a4fce5c4e4,jev-latest,0.03,0.95,0.02,0.89,0.92,0.18,0.09
ab-test-000567,1,2d7594917ae7e3070e74ef6693587ca251d165a639b86c4c6b7eedb0d6e15c72,jev-latest,0.97,0.99,0.84,0.98,0.08,0.04,0.97
ab-test-000568,0,199da9085fa677be06209945a4b017645d5422450f702649fe48b7aed6831e84,jev-latest,0.09,0.95,0.04,0.85,0.91,0.21,0.25
ab-test-000569,0,414f7290d37d4a1b3b1986a1abbdb7fc34f65f417f76ec907d8119a13b94b5ae,jev-latest,0.02,0.99,0.03,0.95,0.96,0.05,0.05
ab-test-000570,0,53a90040f77d872c83eff58213dc92440ccc86d3b861e1b9853984fdb59d6bc7,jev-latest,0.01,0.98,0.01,0.02,0.84,0.03,0.01
ab-test-000571,0,ade8816c0d5e1ee07a4a8a0fd419f97f335276fbe5b1bc52b940e6497140fb7c,jev-latest,0.02,0.99,0.02,0.93,0.95,0.05,0.03
ab-test-000572,0,1886845c09a53f650f567667637ff94001695633bcfe55d160b29fc3719ce17e,jev-latest,0.01,0.02,0.02,0.91,0.81,0.04,0.01
ab-test-000573,0,b89442bac28bf2efb36fdf3c9e17499f3bd139ebb9a0ad6c18077492477b1240,jev-latest,0.01,0.02,0.02,0.94,0.97,0.04,0.01
ab-test-000574,0,34b34f1bda02f40c9681dd43fb5c37890b9d4b74b5a44810dced20d710529168,jev-latest,0.52,0.97,0.24,0.9,0.48,0.14,0.69
ab-test-000575,0,520a3cca044a1fdec5aeb3de8258d14fe6d1ad69a94fbae98526eadefbbd331d,jev-latest,0.01,0.98,0.02,0.15,0.79,0.4,0.03
ab-test-000576,0,8260d0d1dc00a3a1bfdd1764c34dea52e6cb6f3d74fbed4379582f1bb8afaae0,jev-latest,0.01,0.01,0.02,0.17,0.53,0.07,0.02
ab-test-000577,0,ef8bf8cf30e7414e21d9ba9c0e75e7967a35135fefc820dcd798ed930e21532a,jev-latest,0.01,0.98,0.02,0.52,0.96,0.04,0.01
ab-test-000578,0,b71c451cc5c48c8a2a022a902205ea12fc66a9aacdbedc59299b1839a45c0160,jev-latest,0.01,0.98,0.02,0.64,0.96,0.37,0.02
ab-test-000579,0,bc99560a741587f700db90f9539acb9df8c3c1284d16cc1f15b569d8b234ad6a,jev-latest,0.01,0.02,0.01,0.1,0.96,0.04,0.01
ab-test-000580,0,2b6ebb4059a8faf8f1214a2f48b84829989a74e29aa7568e5820f060dc811334,jev-latest,0.01,0.98,0.02,0.13,0.85,0.05,0.02
ab-test-000581,0,48c98e9f8aa25e35d38209ab03d309cb1b6c355a04bf5ed1537629935dd26dcf,jev-latest,0.01,0.02,0.02,0.82,0.93,0.11,0.02
ab-test-000582,0,aa1ba52b6862feea03d83bd245fe8fe88a3ef0a6a58839fd54e4c75c0eadf9ac,jev-latest,0.02,0.02,0.02,0.6,0.75,0.14,0.03
ab-test-000583,0,5235c4e07e5c30ca7dacd1cf230a1242a6269a88bb0ea3a7094ce70808bb1adc,jev-latest,0.01,0.02,0.01,0.95,0.66,0.05,0.02
ab-test-000584,0,63a13ed79951f0776f350108ee1c48d29eb80639fef34d08e447295ce5e3fbd5,jev-latest,0.02,0.03,0.02,0.91,0.67,0.07,0.02
ab-test-000585,0,63a366ac872c3d6ea430fd7b4047b06a64edd9c9883fa4707450910cff37e5af,jev-latest,0.01,0.98,0.02,0.11,0.83,0.48,0.02
ab-test-000586,0,f8dd8d23779a4e1d619b9b3b6fc18683a94e68d6f868d6687280fd36636e66b2,jev-latest,0.01,0.97,0.02,0.29,0.92,0.47,0.03
ab-test-000587,0,3a1d8a04755a48634c8e58a380c05c5a62c72ebf964166a8d884d1c15ad93e1e,jev-latest,0.01,0.99,0.01,0.93,0.96,0.04,0.02
ab-test-000588,0,53443f8388d32198a5d382c6caa677ad4f6ae99572f647f05a2879b50de1af6f,jev-latest,0.03,0.99,0.02,0.93,0.86,0.06,0.04
ab-test-000589,0,b8c7040099d07f69cca5f68e39947201d5265c209528e46d0e6827408ff52b20,jev-latest,0.01,0.03,0.02,0.06,0.84,0.54,0.02
ab-test-000590,0,780fb50047c4eb5202c5ea2930a901b1d38e207383523e32f010b8a26e0478b1,jev-latest,0.02,0.98,0.02,0.94,0.97,0.05,0.04
ab-test-000591,0,099eba1d5a74a705a0ee726a2032266a15b331366956fd62dbe64e325613344c,jev-latest,0.01,0.98,0.01,0.63,0.92,0.06,0.01
ab-test-000592,0,1d08aed420cab6975a25ed4276eead27f259fff2a6a792d996eb7ceb9766befb,jev-latest,0.01,0.02,0.02,0.94,0.85,0.04,0.01
ab-test-000593,0,4ff212ff886b3da1bfda5f66f35c89d736a71f4fd45724ee6592d620158f1b0b,jev-latest,0.01,0.98,0.01,0.02,0.85,0.02,0.01
ab-test-000594,0,73545f61036ef4d5058c3976c6d2bc5855c481c4d2cab70bae49d2c05d1f6f80,jev-latest,0.02,0.98,0.02,0.9,0.57,0.06,0.03
ab-test-000595,0,b24d7f1f010f4e1570fecd48950128e96644c8227af29432b76ca1967d6701e1,jev-latest,0.02,0.98,0.02,0.85,0.73,0.09,0.03
ab-test-000596,0,3e3d52b94d962a09e8b02fbe1de2d18925e5236284cf87f7e3d4440235e2c09c,jev-latest,0.58,0.98,0.38,0.86,0.32,0.13,0.62
ab-test-000597,1,ec382538be5c59d21bf7c57f0f1aa587ccfb83e35bca262143b6093d73d9da44,jev-latest,0.84,0.95,0.65,0.91,0.21,0.12,0.9
ab-test-000598,0,9a59853cf04289dc8c3eb9027d8bd15a16718410b96b5324c8540dd5335fc2fc,jev-latest,0.01,0.99,0.02,0.07,0.82,0.04,0.01
ab-test-000599,0,2366bea9bcec59ba51ee82275daa163c0fd5d92a30742e12b3f936f9ceb16167,jev-latest,0.19,0.97,0.09,0.75,0.87,0.26,0.31
ab-test-000600,0,959da89669abcaeb8b38bd123b3ec35a2635ea0a805e7c81d14dda0d0e0cce69,jev-latest,0.01,0.98,0.02,0.05,0.16,0.27,0.01
ab-test-000601,0,8235a548811409b59336b12fd7f03371aac7f074b94a40fe148186335ac52119,jev-latest,0.01,0.03,0.02,0.8,0.95,0.11,0.03
ab-test-000602,0,da443184e9b759f1fc8660f4ff12303c18328278e3164577b7de74ef5b46c542,jev-latest,0.01,0.98,0.02,0.89,0.95,0.05,0.02
ab-test-000603,0,6d1883bc7b00db0159cfc25a6e3f18038028bf2ef571f2c10c8cf1dff8d11523,jev-latest,0.02,0.98,0.02,0.93,0.86,0.05,0.04
ab-test-000604,0,923127857bacbe3f8dbdc10954662579a114d959b2089b1fcfc4c631cfb9b626,jev-latest,0.02,0.98,0.02,0.92,0.96,0.06,0.03
ab-test-000605,0,895149fcc9e7f012bd0f158c0cac15c2f941617c9c83bb83f8d59d7303e175a9,jev-latest,0.02,0.98,0.03,0.11,0.27,0.87,0.02
ab-test-000606,0,aa6da48b2c272c83279171ad96919825dcd45cd0735ad499f10247d6eb1f9051,jev-latest,0.01,0.02,0.02,0.92,0.9,0.04,0.02
ab-test-000607,0,c79d8d483a40a68bed314fd30050a95661e948a33693c5e7f8716dd1a3fc5d15,jev-latest,0.02,0.98,0.02,0.89,0.81,0.06,0.03
ab-test-000608,0,217062407045926b9fff72042c81b500d8541a957eb3d3941b1871e1bb9025c1,jev-latest,0.27,0.97,0.25,0.82,0.54,0.21,0.4
ab-test-000609,0,23935c32eec1167c55a51948bd27e0c6bda38f2a92e8286ac6ac052a7b98e6ce,jev-latest,0.03,0.98,0.02,0.82,0.95,0.14,0.06
ab-test-000610,0,2e5c8c8e6856c72f8a0bde09c6ec9bde18825ff535d05ebeb856771a8978e7e7,jev-latest,0.01,0.01,0.01,0.93,0.58,0.05,0.02
ab-test-000611,0,743186f035740098673a4a0f896c1d448333300ad99f210ea934369df71d92b5,jev-latest,0.01,0.94,0.02,0.06,0.93,0.35,0.01
ab-test-000612,0,d90c80130d0e69c6238c936202a338f51f0ea3d17b31971dfc11f93e49140798,jev-latest,0.01,0.99,0.02,0.58,0.98,0.04,0.01
ab-test-000613,1,8840d21de43601975c6c125a5ae05f5a294f253f12c12ec8856aef24c9febda4,jev-latest,0.92,0.97,0.86,0.95,0.14,0.09,0.94
ab-test-000614,0,0354dc6439403fd3b7b40702a47dbfdb082a6baeedb24746c3968343f36165a8,jev-latest,0.02,0.98,0.02,0.84,0.76,0.06,0.03
ab-test-000615,0,dddd6faf9ec68b118376e7550ece240f08bd6c0123a747cb351faccfbb39b27e,jev-latest,0.01,0.01,0.02,0.36,0.68,0.09,0.02
ab-test-000616,0,266c9178efb0b3468913ed46f69717b733cffcf6cd841c844052d55f4645d953,jev-latest,0.02,0.98,0.03,0.72,0.95,0.16,0.08
ab-test-000617,0,6eedce7fbedbb4acf69418f60bedf05c0ff5ec46f45ac441472ea42f2e26d009,jev-latest,0.01,0.01,0.01,0.7,0.94,0.03,0.01
ab-test-000618,1,900cd1ea4b50e24ab8a1bace5210e0ccd29f70cd9b5dbfc27ddba7b2e518d283,jev-latest,0.87,0.98,0.76,0.94,0.22,0.13,0.92
ab-test-000619,0,11bbb6452e4cb09670694e7f56a8d57d0adf93b57d99a58513d19ff1b1176cad,jev-latest,0.04,0.98,0.02,0.87,0.87,0.14,0.07
ab-test-000620,0,237a998622b94460d7d0fb0cac874aafcc136c558b01f38261c293433ca34664,jev-latest,0.01,0.02,0.02,0.95,0.68,0.04,0.02
ab-test-000621,0,9ec0d1c80e8c6182f6142c4339caae651655cb96437ff828f2168765a8a5ee2e,jev-latest,0.03,0.98,0.03,0.75,0.9,0.31,0.06
ab-test-000622,0,a50d06def90352f18ad26ae364aebca9cd77a668074f981c0458c0318fe83bb6,jev-latest,0.67,0.96,0.42,0.84,0.53,0.17,0.8
ab-test-000623,0,65ee4fd0e0fbc9cf4de0c3e669fccd7da37c1a487f41ac973fa8b6ee10e3b236,jev-latest,0.01,0.02,0.02,0.06,0.74,0.6,0.02
ab-test-000624,1,da2a335e85c35fcbeca44ad38e9802b5eae21d0255367260df75e34a68d6b492,jev-latest,0.87,0.99,0.98,0.97,0.25,0.05,0.96
ab-test-000625,0,6fa14d9ab66d44ee605111a005ba6089a140cd5b8f1e203443ca270b9a1a0294,jev-latest,0.01,0.02,0.02,0.92,0.87,0.05,0.01
ab-test-000626,0,32bfb29064b008de368b0a36d330d2b58fbf10ffe091c0f3bec1370e548aee04,jev-latest,0.02,0.98,0.02,0.85,0.76,0.09,0.03
ab-test-000627,0,d55db9f617312222e406aeba77604aeea6d22e1756cf8769b44f6b326c40ae3e,jev-latest,0.01,0.99,0.02,0.12,0.97,0.08,0.01
ab-test-000628,0,5de5689292475d9c9522ca86b23eefea4825cae67d8d634e82e837eed76a1564,jev-latest,0.06,0.98,0.03,0.9,0.71,0.08,0.07
ab-test-000629,0,360a9e0f0cbcf34edb43acd61c48ddb0270cb8cbaf49eb7eb28c5879b9d4cbcf,jev-latest,0.01,0.02,0.01,0.9,0.88,0.04,0.01
ab-test-000630,0,eac4b32f6b0173f9612c1056244b68cdd4132d64eea336509feb6c492da3b7f4,jev-latest,0.05,0.97,0.03,0.78,0.77,0.16,0.08
ab-test-000631,0,ae74f28601608137c858dc5feb33f5b5c49ab3058f94710bf2d8c202e16e1931,jev-latest,0.01,0.02,0.01,0.84,0.98,0.04,0.01
ab-test-000632,1,c0fa685de0b0acf07c2e14012f4ebf2c2d9ad04794c66fe03f635a80beef446e,jev-latest,0.72,0.97,0.93,0.78,0.41,0.19,0.82
ab-test-000633,0,be86cfdacced3b6e0c0976d8336df35659242040ed4688e1ac4637d0b3438941,jev-latest,0.01,0.98,0.03,0.56,0.96,0.04,0.03
ab-test-000634,0,4b13b005621947ad015e9f70772f71fd35b3a8df1202739f6cc5dc0d318f82ef,jev-latest,0.03,0.98,0.02,0.84,0.96,0.07,0.06
ab-test-000635,0,6b4cf44175ecd0ce656360bd5923f167ee130373b1f9fba3b6ecd875b2d27f53,jev-latest,0.01,0.02,0.02,0.94,0.69,0.04,0.02
ab-test-000636,0,4c19b4d71b52a5b7b2b530892373337b20ea03253cacd5774b69f0125133a9c9,jev-latest,0.02,0.98,0.03,0.73,0.75,0.16,0.03
ab-test-000637,0,9825caecf152db389ca65e1978bb0e6713e20d3d8236f2f139a8ce23051f3941,jev-latest,0.21,0.94,0.04,0.64,0.38,0.57,0.28
ab-test-000638,0,6af908a3b74468c37d8c3c0df38c22d5cb9323ccc88749447cadffcf71eb06d7,jev-latest,0.01,0.98,0.02,0.18,0.32,0.2,0.02
ab-test-000639,0,c86b35f23135fbfbdcb1ea0c9cdde06e516d13ce857bf37b2e9cfcdb6e017df8,jev-latest,0.84,0.98,0.08,0.96,0.24,0.06,0.82
ab-test-000640,0,714ec9dfcbfeb98c7dc351c6a14d24aa9184a2a1ccea65aa3cfa57938d01e79a,jev-latest,0.01,0.98,0.02,0.05,0.79,0.68,0.01
ab-test-000641,1,d9f087dd1861e4212c53d565c1578561cf192a0d5e32182e866ebedae1968689,jev-latest,0.77,0.97,0.93,0.94,0.46,0.22,0.84
ab-test-000642,0,22f0af27f0031a285aeb41a9db8637ca8067fed29d950828b08915f47161fe0c,jev-latest,0.01,0.98,0.02,0.07,0.52,0.42,0.02
ab-test-000643,0,e65bc99562d8952997cb5ddf7973fd6c9cb62d0c8652e0243bf79d0246371945,jev-latest,0.01,0.02,0.02,0.93,0.83,0.03,0.02
ab-test-000644,0,1323d41811629d3d5b7f7749d93da1298c4e406dbc8aba42da5acc45d6855e39,jev-latest,0.01,0.98,0.02,0.66,0.95,0.06,0.01
ab-test-000645,0,494a86ebe2ce69ceec1e000ff8e1cffe3a1279d3f3010aad43a1f2822b16cb59,jev-latest,0.01,0.02,0.02,0.03,0.73,0.74,0.01
ab-test-000646,0,2e358346765fb715e4fee07a8a1f8899c369d684e6418c71d8cb909be46ff4cc,jev-latest,0.01,0.02,0.02,0.95,0.86,0.04,0.01
ab-test-000647,1,6aca3ed523f3bba9355230e1628ad0ff99259b53b177ba6521e9e82ea829f384,jev-latest,0.74,0.98,0.96,0.95,0.11,0.13,0.95
ab-test-000648,0,11da8873c78b23ee90802f7d1782faa3773f5d401e7d0bb0740ff19a6a9cc854,jev-latest,0.01,0.99,0.02,0.93,0.96,0.04,0.02
ab-test-000649,0,cfca74ae80d5c5529d10e2ff90575db3715c3b6ae7c90d4881f508f807945eac,jev-latest,0.01,0.99,0.02,0.93,0.97,0.05,0.02
ab-test-000650,0,d654b23e998ba40855f24b5f7a04c2b0959edc2cdc3dcc34e2fa04ef1f820d9b,jev-latest,0.02,0.98,0.02,0.8,0.92,0.14,0.03
ab-test-000651,0,8a1617043d3b150f591b753c5cf25ed64124d064632539447ecd1430745616e4,jev-latest,0.01,0.02,0.02,0.7,0.9,0.03,0.01
ab-test-000652,0,98a9c1483f4ea76fcc9af6dd05f798599b160804a969dbfe79e3dc6f22679cc0,jev-latest,0.01,0.98,0.03,0.73,0.95,0.15,0.03
ab-test-000653,0,6fe77535ec4d9cee8873eb980a4207641dd90a1a9ac343c32e49fcd8121f8782,jev-latest,0.02,0.98,0.02,0.61,0.92,0.15,0.04
ab-test-000654,0,27b6967177b909140329952864c1156356ad044a43cef5fdd4c6e021f187006e,jev-latest,0.01,0.96,0.03,0.58,0.97,0.09,0.03
ab-test-000655,0,7d26aa3226615660f27e353fbbdcc2d5ac16131e80886882da910689d4c8d189,jev-latest,0.01,0.98,0.02,0.9,0.95,0.05,0.02
ab-test-000656,0,300556d2cd525c5771391db1ea67fb2f96bfeae00a7702652ff240af9c97bd8d,jev-latest,0.03,0.99,0.03,0.92,0.81,0.09,0.05
ab-test-000657,0,fa6e71ce159be7f9e09b4488e9792863ed84af1fd2bcf50082a3b47b75855b41,jev-latest,0.02,0.98,0.02,0.83,0.9,0.1,0.03
ab-test-000658,0,ecb8759b5c782eeeeb567221dc59d14825d09d759685dba1889369045923489c,jev-latest,0.02,0.99,0.02,0.95,0.86,0.04,0.04
ab-test-000659,1,e70515c27195a522866de2b1ac6c12c047a67af1b388ea26a7cc6b00a230a5f0,jev-latest,0.86,0.98,0.12,0.95,0.45,0.08,0.9
ab-test-000660,0,f65930f5e99d581170d9480245efff910499c165bfaf22c95e1fd1b08f03557c,jev-latest,0.03,0.98,0.02,0.91,0.95,0.17,0.08
ab-test-000661,0,697d84427349a6ca9c4feb4016fb50cdd07fcc4c768e4f4715680e7417ef067e,jev-latest,0.02,0.99,0.02,0.95,0.97,0.04,0.03
ab-test-000662,0,9460de7b1bbc16f375516d80c3a3d83937df384d8d6ce3ab21309e9f0b02c917,jev-latest,0.01,0.99,0.02,0.94,0.98,0.05,0.02
ab-test-000663,0,8ba04879d26920af7ad118b39321e01144a6e118061bb24ca08791d5785d0801,jev-latest,0.05,0.97,0.02,0.81,0.82,0.1,0.09
ab-test-000664,0,7bc17b4301e2beef79822ca1411ca02011c030b19b498f15844464cf4290ddca,jev-latest,0.01,0.98,0.02,0.91,0.94,0.06,0.03
ab-test-000665,1,3d96a2ba1cc3960d20c769d3ca080333988297374a4c31f13f462627fa97b01c,jev-latest,0.05,0.98,0.03,0.85,0.97,0.15,0.07
ab-test-000666,0,df28c7a0087e81a6c16c47e51c506cd22c1beb1b7b443ca9416019500ccac270,jev-latest,0.01,0.99,0.02,0.93,0.96,0.05,0.02
ab-test-000667,1,a8b242b1c32ae9b9c56daea82de6237002cd19e1f6982cc86462e20d5da68c66,jev-latest,0.94,0.99,0.98,0.97,0.19,0.06,0.94
ab-test-000668,0,2bb3e91e845cc57640135edc069e69807a30916590bbac8419bfa65bca7f6a83,jev-latest,0.03,0.98,0.02,0.61,0.77,0.5,0.04
ab-test-000669,0,28aed9452e494bfbe5b15f37dc0113a56f2120462227633de40fa9621879727a,jev-latest,0.03,0.98,0.03,0.9,0.88,0.06,0.04
ab-test-000670,0,6ec4f21ae6f4571442cfdf41faf8ab2d1f76ab5030b0886396bcb1f91791a4aa,jev-latest,0.02,0.98,0.03,0.9,0.81,0.07,0.05
ab-test-000671,0,622ec5d51c6d8544e03b48a4f816bd38ed5aa088e9757418aa06fa4ecbd86458,jev-latest,0.1,0.98,0.05,0.83,0.63,0.07,0.13
ab-test-000672,0,d895bdadc36f8c48d6d83d7d471da96d795bca72f063ab716695d4a33a8085e0,jev-latest,0.04,0.98,0.07,0.89,0.96,0.22,0.1
ab-test-000673,1,9183d7ee19fd54891dd67a9b066a7b4fb923a2b28b29737eb64ee679afbeee0b,jev-latest,0.89,0.99,0.96,0.97,0.25,0.07,0.96
ab-test-000674,0,2cb029d5aead88b00db1f4424a375be74720d491c54b8893e12d88a59ac6f901,jev-latest,0.01,0.98,0.02,0.7,0.97,0.21,0.02
ab-test-000675,0,db14841d9dcc22304d0170109974bf68a496adfe437affa63b8ff0cac8a38c2f,jev-latest,0.01,0.98,0.02,0.94,0.97,0.04,0.01
ab-test-000676,0,ff04e636a384cf1042d1137b49514154ddbde8039fba684892909589ebe15051,jev-latest,0.01,0.99,0.02,0.93,0.96,0.04,0.01
ab-test-000677,0,15b66ee902fd13047744f428d207150a85c639dc2d63f99c48352b51bd48a279,jev-latest,0.01,0.98,0.02,0.89,0.9,0.05,0.02
ab-test-000678,0,e24e53eda2c339f9ddfbe7f7b0bd875c207cb834cb281b54bedd5d31f801f8d6,jev-latest,0.01,0.94,0.02,0.04,0.74,0.78,0.01
ab-test-000679,1,7ba4b97c5271a564196c48524db55e6093e8401b0fed4eec09387c0266575c2a,jev-latest,0.91,0.98,0.97,0.97,0.22,0.06,0.95
ab-test-000680,1,b7a837d9a665f607d81dc87cc585cad1f35eedaf3b11fa01f415a91117128bf3,jev-latest,0.84,0.77,0.98,0.9,0.17,0.24,0.92
ab-test-000681,0,c2c8021b3fd06127ae1cd15481c0d61338ed0f17ffde147923810cf23e7d2be1,jev-latest,0.05,0.98,0.03,0.91,0.81,0.08,0.07
ab-test-000682,0,cd9f3ea623172697111e9f3abbec1360a5b47fe5033f009a06967cc0e6e3b6d6,jev-latest,0.02,0.98,0.02,0.91,0.95,0.06,0.04
ab-test-000683,0,5f8d5f2ed891d7fbb38200ad250c0b67c8ddba94f23174f377caa82ecbe79189,jev-latest,0.01,0.02,0.02,0.94,0.96,0.05,0.03
ab-test-000684,0,0d11bac74d7f833ff6b932f67fc5663d393da87a90c42ca4a0be59f71d77f18b,jev-latest,0.02,0.98,0.02,0.94,0.91,0.04,0.02
ab-test-000685,0,935ff53df7a6a0abb4e946d9bc6af3c847f18846616464524d07a8a954c8b28c,jev-latest,0.01,0.98,0.02,0.15,0.79,0.06,0.02
ab-test-000686,1,98c092696b6047af57001f171281c47bbccefe272c05a5bd8059a599ee65887b,jev-latest,0.93,0.97,0.9,0.96,0.15,0.08,0.95
ab-test-000687,0,9afea6ce19b8bc29eddbcaf7d732bc6e14ee53a2bc3fc2bc53bd590e66be231d,jev-latest,0.02,0.98,0.02,0.74,0.92,0.12,0.03
ab-test-000688,0,7b78af45b76efa65343cec5152a1338803ea6d466be399cd73c8d5ef3fe03543,jev-latest,0.02,0.98,0.01,0.77,0.64,0.07,0.03
ab-test-000689,0,344e0e64b06c651c3335eb27119040ba58edbe1c10aea10e0cd667c159fc35d4,jev-latest,0.01,0.94,0.02,0.13,0.74,0.33,0.01
ab-test-000690,0,86bdc170a765313be5e8e83ee59f361e72984fafdeaec12fb60cae08c91e4d4e,jev-latest,0.01,0.97,0.03,0.82,0.97,0.12,0.04
ab-test-000691,0,39114abad311cc694b263bfda4f445aa37955da2bc3082f69af93b641fc9212e,jev-latest,0.01,0.98,0.02,0.04,0.64,0.59,0.02
ab-test-000692,0,d1b7ba6e42c7f0682159e085ecbfaea4c9ae91e9022e292dd8390390a9188dfd,jev-latest,0.01,0.99,0.02,0.9,0.96,0.04,0.02
ab-test-000693,0,7fe2fadbf6309b55726a1e706d1ec51f2d3ce202204e69b6632d85266ecd5d97,jev-latest,0.01,0.99,0.02,0.9,0.97,0.04,0.01
ab-test-000694,0,018774fac161b6e55cdc496bdf37834b22b31c63712bfa230d9692f69ea2ab1a,jev-latest,0.02,0.98,0.02,0.9,0.92,0.05,0.02
ab-test-000695,0,cad86aab67fee026801abcab09e926a46db8643e811001ef81acb0d207a0e656,jev-latest,0.01,0.98,0.02,0.67,0.95,0.17,0.01
ab-test-000696,0,81eff26b5a863b5c2a2bedad846734a13b28bb85d38cc7e89df70e547e9caec5,jev-latest,0.01,0.98,0.03,0.56,0.96,0.4,0.02
ab-test-000697,0,d7f12f2d41de418749c96b5aae420fd271aa80a499908d3b8f6385da0d59aba9,jev-latest,0.02,0.99,0.02,0.92,0.96,0.04,0.02
ab-test-000698,0,57e4f1f9ced24e475d94f25cf3770331798f6a33d339ecbd6916780727c9f8e0,jev-latest,0.02,0.98,0.02,0.78,0.73,0.07,0.02
ab-test-000699,0,c8d2497deaff321c823199a7fa4a2bdbd75ac6cb1e6955a1da0ae4b7ac02819d,jev-latest,0.01,0.97,0.02,0.63,0.93,0.26,0.02
ab-test-000700,0,554939a90b1ef76cf8d280b93ef8ec0f24ea5a07a9bc4966d70370ff04420edf,jev-latest,0.01,0.02,0.01,0.93,0.88,0.04,0.01
ab-test-000701,0,6252c19718891dd6691d0b913830c684eb4886755db9013f94461d09473a22fa,jev-latest,0.01,0.98,0.02,0.37,0.79,0.47,0.02
ab-test-000702,0,c36e0c9e4bc14309f86ebb616e3a6dd023ff2487ea2d457db52fb0fce95f55db,jev-latest,0.01,0.98,0.02,0.68,0.96,0.16,0.01
ab-test-000703,0,c14749ebae5b6291598eefc32afffb8a24275655fb4f84a8f3d0d66d9eb0528e,jev-latest,0.01,0.02,0.02,0.96,0.88,0.03,0.01
ab-test-000704,0,3ccba36f766ec50624534be9e828e54d209474554ada578ce1f6621fc640dd22,jev-latest,0.01,0.98,0.02,0.67,0.9,0.05,0.02
ab-test-000705,0,756ef0a15611051b80bc3736f8b13e176731d1f4b83f0cd0e59331d1460a1aa5,jev-latest,0.04,0.98,0.05,0.91,0.97,0.07,0.14
ab-test-000706,0,d4faa3a5ecf194133afe8eac4a706dfa669c21f3e354fcb8691e4a97da0381b0,jev-latest,0.01,0.98,0.02,0.63,0.95,0.07,0.02
ab-test-000707,0,4068aff0c13660b7a47adf7a25d3903d01e4aadc4fa5077f0235d9b46882c2d1,jev-latest,0.01,0.98,0.02,0.24,0.86,0.77,0.03
ab-test-000708,0,d31ca9db5e4ba00eabc521a3a7bd022f1e8f0d682dc252fad99e09df041d975a,jev-latest,0.03,0.98,0.03,0.31,0.68,0.77,0.07
ab-test-000709,0,4a9ec7a7f94d2c64ca8bb9fb44cca0709957719f3bd65ff84969acee812005b7,jev-latest,0.02,0.97,0.02,0.59,0.85,0.18,0.03
ab-test-000710,0,7d55398ac66b3cf938ca16352dbb8e1e6351b3f8511e947474c2868e1e5d1dcf,jev-latest,0.09,0.97,0.04,0.68,0.91,0.22,0.18
ab-test-000711,0,9fe2e9544101eeca3b149f0bc4ba1c01c742c094b5522245d8c06310a8411e94,jev-latest,0.02,0.98,0.02,0.7,0.73,0.08,0.03
ab-test-000712,0,8c45b5e26859f89dd36581a5e6cbd3b534256b0f9f3bf17f2d0ccc016d265439,jev-latest,0.08,0.98,0.06,0.94,0.94,0.07,0.11
ab-test-000713,0,29ba53f1f7614feb458d8ca87ea5369e75968ba74aa99a707147d5b783616dc8,jev-latest,0.01,0.99,0.02,0.93,0.95,0.04,0.02
ab-test-000714,1,6d4fea46b4041421d218a427acb452e03b2bf855ad12253012451bc025d80e90,jev-latest,0.63,0.98,0.96,0.91,0.81,0.17,0.89
ab-test-000715,0,74982d20f84a51099e1c5b823715ec3bf5ae6c37c4fc9d3e04e2a364249c62a9,jev-latest,0.01,0.97,0.03,0.07,0.9,0.87,0.02
ab-test-000716,0,720ac026b96b61533483b12d40d2c8af0543147d2ca6dfb2f556cf7c991bf983,jev-latest,0.01,0.98,0.02,0.63,0.9,0.04,0.01
ab-test-000717,0,9b4f0b27ee4193bf2b93cd2bb960e492cfd268c98ab6f45f36e018b84fa5ef7b,jev-latest,0.01,0.02,0.02,0.94,0.86,0.04,0.02
ab-test-000718,0,c0d1640ce4e3b9cac8eb5fa614977e0b62a55f6fb9947bba1319e80011f7c9dd,jev-latest,0.01,0.02,0.02,0.94,0.87,0.03,0.01
ab-test-000719,0,20d19384151222fad61ea6f41256aa354a8572142cd35e6baccf7b3360fde535,jev-latest,0.08,0.98,0.03,0.83,0.91,0.21,0.13
ab-test-000720,0,592031e3278dc3188bf3c703ce16e998cc5d7208d18061eb7d222cfc6fbb3dea,jev-latest,0.06,0.99,0.02,0.94,0.78,0.06,0.05
ab-test-000721,0,6d45bb30ee9e46b4db8171cd5b80bb4bf4e0d11c421a9c78637708e0bbc5f04a,jev-latest,0.01,0.01,0.02,0.38,0.5,0.07,0.01
ab-test-000722,1,a86e70341398a5ccc69dfe0edca2dd8e02918f6056806c9b3c99ebb2e97ba8f4,jev-latest,0.95,0.99,0.97,0.98,0.1,0.05,0.97
ab-test-000723,0,aa401924c1da59feab7bea789dcd73aef111c3904c0ecd6beab3de1de47abfa2,jev-latest,0.07,0.97,0.03,0.82,0.69,0.16,0.08
ab-test-000724,1,406b7b797c2e3638e39f13861afb8635711a6ec6c2ed98a069015bc66a6dcf51,jev-latest,0.78,0.97,0.97,0.94,0.24,0.17,0.89
ab-test-000725,1,5926a5d5fe1d9b8a0fe49698b962e960a333277c87223b4a11b0e51c00c0a546,jev-latest,0.94,0.99,0.98,0.98,0.26,0.05,0.97
ab-test-000726,0,1b6eda1df414fae758d2db0f0da26cb67694cd67e3a9ee5f98483fb77928fd52,jev-latest,0.01,0.99,0.02,0.65,0.95,0.05,0.01
ab-test-000727,0,156a168b7b13c8fee03d2a214ee34babd714f59639d48f352382aecf6d08c99a,jev-latest,0.01,0.98,0.08,0.8,0.95,0.17,0.03
ab-test-000728,0,04be9f563f95450d38ee4154d482b56d2d4069c3e60bfd8f3fc1e477955ad5f9,jev-latest,0.01,0.02,0.02,0.85,0.75,0.08,0.02
ab-test-000729,0,f271040705599d4abe19b359c0840c0e169625093499c0185db80a7f1e8aefac,jev-latest,0.01,0.02,0.02,0.68,0.31,0.12,0.01
ab-test-000730,0,b202def5549fb06592b05d8981ecad8d9949c9739b7cc7d10399a91039416ad5,jev-latest,0.01,0.98,0.02,0.59,0.96,0.06,0.02
ab-test-000731,0,e72fbace5edcf42c7ddec24f98073ae8edd73521c4db98f8d85ff6c0f39de01b,jev-latest,0.01,0.02,0.02,0.96,0.88,0.03,0.01
ab-test-000732,0,963fa189786046f845312851a375da67d035de99a67449ee43472d347de9927b,jev-latest,0.01,0.02,0.02,0.93,0.84,0.03,0.01
ab-test-000733,0,ec28e2c042e7508dc6aa37911cd15cc8b60f9d4cf2eb312046b9707bcce35231,jev-latest,0.02,0.98,0.02,0.92,0.74,0.07,0.03
ab-test-000734,0,f8bf902d3afe438f06801e6ccd498c3b21de209eea11cb9030a71e09a8c57f64,jev-latest,0.03,0.98,0.03,0.79,0.83,0.13,0.07
ab-test-000735,1,c3c80f070f1b0f22d90f12df27fd8217007189a440585d9d41ea8a3ab5e1929d,jev-latest,0.9,0.98,0.96,0.97,0.43,0.09,0.95
ab-test-000736,0,76d892485977e0a2a98f72462c31b8ead73edcdcd527d010d874a29f55659e22,jev-latest,0.01,0.98,0.02,0.76,0.94,0.12,0.03
ab-test-000737,0,f946039e07330113a1a0702eecdde1422b293c43ce0a46027568aa01ea4bc6ee,jev-latest,0.01,0.02,0.01,0.95,0.74,0.05,0.02
ab-test-000738,0,83315d0f8ee4122b5f818807326f417909b25373c186850a44a6cb3a3a6cf8ef,jev-latest,0.06,0.98,0.05,0.93,0.92,0.06,0.15
ab-test-000739,0,a8ccef594fcbe452c7af0592254e0b7a0eaed224dee259e9836ac024719a8c5f,jev-latest,0.01,0.98,0.02,0.94,0.98,0.04,0.02
ab-test-000740,0,68059b8f667a5d6c895ecb68d2069aa56104f6cd908e21e75e9f11c6c4bb04db,jev-latest,0.01,0.99,0.02,0.91,0.97,0.04,0.01
ab-test-000741,0,9cbd74ed3f5f3d4d9d3ba4f0cf8ddf111507d0d926be2847173753ed0585b4e5,jev-latest,0.01,0.98,0.02,0.88,0.69,0.08,0.03
ab-test-000742,0,d61084f4779d07b24748faa108ee40ee4ce1fe340e0631dff4f6dec0974b07d3,jev-latest,0.02,0.98,0.02,0.82,0.88,0.09,0.03
ab-test-000743,0,22b0f12867a94878c70f8bd75637e925bb36f8f63639c0f3a3f32e8e5b5baa04,jev-latest,0.02,0.97,0.02,0.85,0.87,0.08,0.04
ab-test-000744,0,05b0d46fa94069135eadcf008dee1ea568d7246c71c85e856a051e8221018f1e,jev-latest,0.01,0.02,0.02,0.94,0.94,0.04,0.02
ab-test-000745,1,0830d1286b24d2694562276326fd583e5b86947bf95c8e1f3245b93d33e77ae3,jev-latest,0.84,0.99,0.35,0.97,0.39,0.07,0.95
ab-test-000746,1,96e8c65b1d869e66e30f28127638ee3653caee27af2da773a4175ff33d86720e,jev-latest,0.15,0.98,0.11,0.94,0.77,0.09,0.37
ab-test-000747,0,18a03dbba834a912d450bdd69561579fd326a7f3a960ba4971b7ae1e48f029ab,jev-latest,0.01,0.98,0.02,0.09,0.7,0.72,0.02
ab-test-000748,0,273eb08bd34d98ef8ed70dd74eaf341a3a16964e908a3b6178c46fccc0c5e7db,jev-latest,0.14,0.99,0.91,0.95,0.93,0.06,0.54
ab-test-000749,0,edb4627a4a7367c6a43647750b049387a2bcbe215daee8736ab4b38745431f49,jev-latest,0.01,0.98,0.02,0.04,0.74,0.46,0.01
ab-test-000750,1,d06eb7a6be07e495dbdb18d3ac6a8123d57f71e39a6df9f94b20e0ec3df7fe76,jev-latest,0.76,0.98,0.98,0.91,0.35,0.28,0.82
ab-test-000751,0,f5c0aea489acd7c80bff82504fb4ebab64c73a5090a839258a0811f055a537f7,jev-latest,0.01,0.97,0.02,0.79,0.93,0.14,0.03
ab-test-000752,0,9aeaa8c56b0d1282bff0d8a4b3b5d180a1d165f20807e61b3c50e9a37d9ab6ab,jev-latest,0.01,0.98,0.02,0.02,0.91,0.03,0.01
ab-test-000753,0,264cdfd240e6f1007cd5f2ab8a78ae7f9240567f2de5746e4bc8c7c21ce22826,jev-latest,0.01,0.99,0.02,0.94,0.97,0.04,0.02
ab-test-000754,0,0953a395555d00fa9b5288d6da391d65243d033c9e767599dee0417b442c6bcf,jev-latest,0.02,0.98,0.02,0.69,0.86,0.09,0.04
ab-test-000755,0,637927c70f407f3fd6917115a58aecacb7e814428376d8c815f49ceb57c89b3f,jev-latest,0.02,0.99,0.03,0.93,0.96,0.05,0.05
ab-test-000756,0,f7d70b2cd14c9570afe97ab03d2afa528a6dce9dff2873355d495a7aba3b974a,jev-latest,0.02,0.95,0.02,0.76,0.92,0.18,0.05
ab-test-000757,0,87e8a1586df0207d8cfb0dc0bddb51c303c43476ffdeceb3630d24f673a20cec,jev-latest,0.02,0.97,0.04,0.25,0.84,0.16,0.04
ab-test-000758,0,647de0f0b18036df8bc63ea3caa95cd1e2ddafb29538c1a5b5dc729aa035b654,jev-latest,0.02,0.98,0.02,0.81,0.78,0.06,0.03
ab-test-000759,0,f28b2c1cc48c56ed1d03c7095e0f5e6d330166e0a96eb5043f7c250247e34a35,jev-latest,0.01,0.96,0.02,0.05,0.93,0.49,0.02
ab-test-000760,0,7429f62aa101e7512d985bfa0cf76c7f136f9ebff3e5227d670e5256039e1ec1,jev-latest,0.01,0.02,0.02,0.95,0.96,0.04,0.01
ab-test-000761,0,91af9ae4b137956f35785542a6d31133edbfd90fe24da49d216822545e1e8e9c,jev-latest,0.01,0.02,0.02,0.94,0.86,0.03,0.01
ab-test-000762,0,6c0570501953dea08b7dfac73306861db8f94a7a24584f45534ae53d37858fe8,jev-latest,0.01,0.98,0.02,0.62,0.9,0.05,0.01
ab-test-000763,0,e46ef31cbdc6082a0b798a41cc1201e418e1336a47a088b45f0c4ec97b24488c,jev-latest,0.07,0.99,0.02,0.87,0.81,0.08,0.1
ab-test-000764,0,ae7a021e3e5d276190bf9a0daaeb0c2e72a77c40e69b5fc0b11f3eb534dca3ba,jev-latest,0.01,0.98,0.01,0.27,0.91,0.1,0.02
ab-test-000765,0,7e6c4a238f47c880707ecc65c9830e0397ed62835aaf1b9a8c0b2660256d9df2,jev-latest,0.02,0.97,0.02,0.62,0.94,0.06,0.05
ab-test-000766,0,ad9daecfbb7490c658bc9c5534ad97870839e0cf17db48fd60a93e7eb46ad6c7,jev-latest,0.03,0.97,0.02,0.88,0.92,0.09,0.07
ab-test-000767,0,ed0ca8271175948313fac5b6b9ab7ecbbb9450366f40c88b9bd71d81bcfc5ad5,jev-latest,0.02,0.98,0.03,0.37,0.72,0.79,0.05
ab-test-000768,0,8534d7ec8b0ab400857262b7f7cc61e5f2d7acb8426a793306555d985a0f2a1e,jev-latest,0.01,0.99,0.02,0.92,0.96,0.04,0.01
ab-test-000769,0,9fd8ac3f7d9555ac3c2f6754b90752f866a0b5d070b5e7934c0ee72db684a93d,jev-latest,0.02,0.99,0.03,0.94,0.96,0.06,0.05
ab-test-000770,0,11c923c267a45337008dbdc9a38e576dcf72c749dbe40524875bae486c60dc62,jev-latest,0.01,0.01,0.02,0.81,0.89,0.04,0.01
ab-test-000771,0,a2cac8e55e2004306e5505b2959b4ad25bf09cbcddf5b25a0dd2a55716c0c821,jev-latest,0.01,0.98,0.02,0.74,0.96,0.13,0.02
ab-test-000772,1,2e7aae7622436a1613c4f4765b0189fd032802c5478c360a3007df3e2c655f41,jev-latest,0.95,0.98,0.97,0.97,0.1,0.11,0.95
ab-test-000773,0,7093b0ae7bf5c2f0864776796fd0a1076e8e27dfed4b8c10467a97c4e4bb0fcf,jev-latest,0.01,0.99,0.01,0.93,0.97,0.03,0.01
ab-test-000774,0,bcb6f0402a7e5b5c96fe34986099c02868cbf4d6539c41082584a55b90729740,jev-latest,0.01,0.02,0.02,0.95,0.86,0.03,0.02
ab-test-000775,0,f81bd79f2c809c8757f9c412c176ad0e0d93289dac59356e35e775b9538dcdd5,jev-latest,0.01,0.98,0.02,0.6,0.96,0.04,0.03
ab-test-000776,0,8f387a3ec6568623ea0d3c8d79e74fdeb4c660ce93a42a6527d1c8a888587e29,jev-latest,0.06,0.98,0.03,0.69,0.46,0.26,0.08
ab-test-000777,0,3f525e5c7951e9c8831273f6c64213066c03619498ea11f65a427375a5a874e0,jev-latest,0.01,0.02,0.02,0.05,0.87,0.52,0.01
ab-test-000778,0,aef434deb0719ea3050ecc834bb04e793a3b3ed8d74a54378335789fba42eb84,jev-latest,0.03,0.98,0.02,0.63,0.62,0.09,0.05
ab-test-000779,0,b6aabe3e33ae73a0507dbcd5070cfee4b9c64fe7a508969c1ccada92f55fc984,jev-latest,0.01,0.98,0.02,0.18,0.3,0.22,0.02
ab-test-000780,0,135c9739eba1b129120290651891fec69d06b21f5637fd59241e1bde1d0583ca,jev-latest,0.01,0.98,0.02,0.04,0.85,0.65,0.01
ab-test-000781,0,eb9abdba43ee0f966847e2a90e7af1b950d68169f39dbf259ca0b2b0fcedc7e8,jev-latest,0.01,0.02,0.02,0.8,0.92,0.09,0.02
ab-test-000782,0,240b049c061acd32d91afbb51ad6669a2a049ef6568d3a8e2cba7786ac5cc966,jev-latest,0.01,0.98,0.02,0.28,0.77,0.05,0.02
ab-test-000783,0,ba87d094ed559251b196b1c67fc2e3a610316fc1ccf65fdb1f21585bba28b542,jev-latest,0.04,0.03,0.02,0.87,0.73,0.13,0.05
ab-test-000784,0,c549efcd7a10dcc35e0fe2f31db3fc4dc73d31790ac4ee731c6ff391bfa6648c,jev-latest,0.01,0.99,0.02,0.94,0.98,0.03,0.02
ab-test-000785,0,e7693bd01a9ce39c74c594597e175d1aa30b78d92ebbdd104c1a2297c931bc2f,jev-latest,0.01,0.02,0.02,0.95,0.94,0.05,0.02
ab-test-000786,0,435f068eaf6eb45a40a468497447b5658e899a508507c59acd9ee8ee31fbeeba,jev-latest,0.01,0.02,0.02,0.94,0.94,0.04,0.02
ab-test-000787,0,69c7d8bad3c35b4732f065cb2e27b8346fb7fc8873f164fed5142a51f7012a9f,jev-latest,0.03,0.97,0.02,0.91,0.93,0.15,0.06
ab-test-000788,0,be018b04c5e970bc556123c93503ba86cd08631ea28ed8b9cf7d03bb8802146a,jev-latest,0.01,0.02,0.01,0.92,0.84,0.07,0.02
ab-test-000789,0,a195e9c827e6d1fff985a48dcb76d3711d939f326d5b997d3fceb2ec7651daa4,jev-latest,0.01,0.98,0.02,0.74,0.48,0.07,0.03
ab-test-000790,0,c5c1ce40f5e4a9b1e0da9fa162768a93ea24404db80a4b5932067499030395e9,jev-latest,0.01,0.98,0.01,0.89,0.96,0.05,0.01
ab-test-000791,0,9cb92c5f02b41633cfb5bb7a05c7869678cf385f7a3309c44dd7ecc5737b847c,jev-latest,0.01,0.94,0.01,0.02,0.47,0.07,0.01
ab-test-000792,0,decb0fc3d99e16eeb9b1937e91d2be6b024ec053108b9383937a66da1a2da2b1,jev-latest,0.01,0.01,0.02,0.91,0.88,0.03,0.01
ab-test-000793,0,356f0d17822ed673302fa8992c365b6fa6a40cebadf6bd59fe8ac6d4d464dd39,jev-latest,0.01,0.02,0.02,0.96,0.84,0.04,0.02
ab-test-000794,1,6d0cba08127a16683d0eeb724d6aa6524eadc57fb8477c9905cebb9cc6092e83,jev-latest,0.89,0.99,0.85,0.97,0.42,0.05,0.88
ab-test-000795,0,1785e619f1970bb9184a3f96c9369dffefd76812b7b0179efb30a44f80e66b84,jev-latest,0.01,0.99,0.01,0.02,0.87,0.03,0.01
ab-test-000796,0,76ef2cca9e5ff88aec998d20ec3d27cff55eadff17873fc2b376d89f8012c167,jev-latest,0.01,0.98,0.02,0.63,0.87,0.14,0.02
ab-test-000797,0,96544ea8c14885f35371ca927c8d58f7d2a3d3f24b4056bfe92a6ef1a249c68f,jev-latest,0.03,0.96,0.02,0.87,0.84,0.14,0.06
ab-test-000798,0,e453d94b8e1705b6f750156db3f8ee102789b13c5f822dcffc8fc0dd4b5a7f31,jev-latest,0.03,0.99,0.03,0.94,0.96,0.04,0.06
ab-test-000799,0,a1255f48e1c7a956d57cc83c4cb761c3b59ccbc9c3a8bce66323ae5740add2fa,jev-latest,0.01,0.98,0.01,0.19,0.81,0.09,0.01
ab-test-000800,0,7e89796fca44cd5cc1dbc961aedf2ff2e2546a6fc1cf3485be98b89dd8b5cd58,jev-latest,0.02,0.97,0.02,0.44,0.9,0.25,0.02
ab-test-000801,0,6a6344785c09795a4f34f4eacffeb1897938ef3c1309df1e34637c1ecd5b1db4,jev-latest,0.01,0.98,0.02,0.94,0.96,0.04,0.02
ab-test-000802,0,a52f6f7d9afeeadcc1e2dccfa4ed90305df87df1090e3b629b01e155d63749b8,jev-latest,0.01,0.98,0.01,0.48,0.97,0.09,0.01
ab-test-000803,0,6c82cc43c5469f27833e6978814ce529c0898c9feb9090b52f0270d8d7cd4777,jev-latest,0.01,0.02,0.02,0.76,0.62,0.1,0.01
ab-test-000804,0,f59faafda452b749ce2be197299060dffc74dd96ebd94921ef7654dff0000fff,jev-latest,0.01,0.02,0.02,0.04,0.76,0.65,0.01
ab-test-000805,1,cf0001abbb663f34d483dd9b74942384a029e35ad1912f6d42c3eef66c20ff0f,jev-latest,0.95,0.99,0.98,0.97,0.12,0.06,0.96
ab-test-000806,0,14789c5ceb383044e124c3087fbdb55e4df236cb949f7a7037f8596719489592,jev-latest,0.01,0.1,0.02,0.45,0.85,0.13,0.02
ab-test-000807,0,09ab5da1b7e8a39a607c7560db4fda86bebad34f053250cb1308de7bf60494f5,jev-latest,0.01,0.02,0.01,0.96,0.92,0.04,0.02
ab-test-000808,0,59c41afd47735f4ea6a6ef7bbdad800515783f2cd8f1734c6218427618355fa5,jev-latest,0.02,0.98,0.02,0.09,0.77,0.36,0.02
ab-test-000809,0,fac24f783f0f7e7129c704ed8258b6e581d5ee65faa0ba02e64f15949301b573,jev-latest,0.16,0.96,0.06,0.8,0.57,0.19,0.24
ab-test-000810,0,6088c07d6990e6d0c9824a1456e04dfe799adfae83c62e0639fd9759109080b3,jev-latest,0.02,0.95,0.03,0.81,0.96,0.1,0.04
ab-test-000811,0,946d63f153ce33245f10be6bdb1a4caaf7c211d1aa926dd22df8318a1ea77a97,jev-latest,0.01,0.99,0.02,0.92,0.98,0.03,0.01
ab-test-000812,1,60f626c87e13fa4278be6f33b4ff76de7d757ed9110dcf5ad3e69846780461ef,jev-latest,0.72,0.97,0.86,0.92,0.7,0.2,0.85
ab-test-000813,0,067830c6eeebc8128cfbe6a53166492607a9ad87b85287af508948c97a62285c,jev-latest,0.01,0.99,0.02,0.94,0.97,0.04,0.02
ab-test-000814,0,4612981dc5c8360785f31cc945be0c55f421ba1f6b3810c3db1cfc4736d62a0a,jev-latest,0.02,0.02,0.02,0.87,0.92,0.17,0.05
ab-test-000815,0,3b32907b144082c32faf562fa6e6724c92f1174498ca0bc1564e588f615b1b86,jev-latest,0.01,0.98,0.02,0.27,0.79,0.45,0.04
ab-test-000816,0,c2c7d5a1ae435b6619051968e7b3db97f15b3c7d556c136562a05cab56a65da3,jev-latest,0.01,0.99,0.02,0.94,0.97,0.04,0.02
ab-test-000817,0,e48cdd2326f5ef020e64ddd18891c6cb28767eabf3fca77fbb135507dc525dd1,jev-latest,0.14,0.98,0.03,0.89,0.75,0.09,0.17
ab-test-000818,0,0e289e41f3ab52dd889b0a297e6aaf0def6097970cee6d4fc69cd3236ae0b0d6,jev-latest,0.01,0.99,0.01,0.84,0.97,0.05,0.02
ab-test-000819,0,90debf30b1d3ea3011442a7f53b846877887c49f988e8a6b5665a2625e00843f,jev-latest,0.02,0.97,0.02,0.8,0.91,0.13,0.05
ab-test-000820,0,1e507492e5b41b3865a76ecea8e7e7a271387a352c7828975bf89e26893b104b,jev-latest,0.01,0.02,0.01,0.92,0.92,0.04,0.02
ab-test-000821,0,941b3baefaa9d3b5a0a2a1c51cc8ff4f7bfcf9743322b554bad6d8ef6f58ecb9,jev-latest,0.01,0.98,0.02,0.08,0.23,0.36,0.02
ab-test-000822,0,19adeaed680181a78db0e3d4aea37f69ebe12396d1c86461629b82538ab90ccd,jev-latest,0.01,0.02,0.01,0.72,0.81,0.03,0.01
ab-test-000823,1,96b52d86231c52bd755c784d65bd03d2122e84c369cec3b4ab6a7983f587e59f,jev-latest,0.96,0.97,0.98,0.97,0.16,0.06,0.95
ab-test-000824,0,5b422fdf66eedabdb1c81e3a4ba0d98e06eb896ac0d3803a76aa80b547908656,jev-latest,0.01,0.02,0.02,0.85,0.8,0.08,0.02
ab-test-000825,0,fdfc65a8d5b729a24a4918e0865efea5926cb2c11dbe9b73ebf11cd66043e842,jev-latest,0.01,0.98,0.02,0.05,0.47,0.93,0.02
ab-test-000826,0,faa5acd3d53de6acbe328dd6a6d49a66592659ef426e9a58c1d97aa4661f1fa1,jev-latest,0.01,0.99,0.02,0.95,0.96,0.04,0.03
ab-test-000827,0,39405f3403a24a0a33a5c90fccc47c8d54e0756751e41ca0a7f6f8e37780e7dc,jev-latest,0.02,0.98,0.02,0.57,0.96,0.42,0.03
ab-test-000828,1,9d94e8ea2c1d5b100247861d1c86cdf9c19cab547b1b084f7ef2782feea548cf,jev-latest,0.82,0.98,0.97,0.94,0.3,0.38,0.95
ab-test-000829,0,332c0a69df24a5589ad49e0f5818efe38618db228736275752c4b62c9d17a748,jev-latest,0.01,0.99,0.02,0.77,0.97,0.04,0.02
ab-test-000830,0,a06c0fa708c0fb1ba587c1f4a4d6dbad655404462ac5465dcd59ec3d215264db,jev-latest,0.01,0.02,0.02,0.94,0.96,0.04,0.01
ab-test-000831,0,cfe722aafabd730139813001617de8a16861897b021aff5d2cb81cff8c060ba9,jev-latest,0.01,0.99,0.02,0.93,0.97,0.04,0.01
ab-test-000832,0,56909500dd6175edf93088ec15ccfd6313424cab372a21e40a0ddfa6dcc724e0,jev-latest,0.02,0.99,0.02,0.8,0.91,0.1,0.03
ab-test-000833,0,f13882d94e27c58d2c4ab25e5b2419d77d9c22ad88fc8274eff0dc933dccf46b,jev-latest,0.02,0.98,0.02,0.16,0.64,0.15,0.02
ab-test-000834,1,480d22806158c02b3ca694179b9a2403816932c42ce381ad1f0e165bcf6b170a,jev-latest,0.83,0.98,0.54,0.94,0.45,0.11,0.93
ab-test-000835,0,4b62a51503b581e817a865e81f81cf3f2bd4133190ea3fc3bc06f392fb191efe,jev-latest,0.16,0.97,0.07,0.67,0.43,0.6,0.31
ab-test-000836,0,f569bd4e20cd08b72ca7c5a79ea65d5ced90a8fd5e0d796deab7a01958b3e25a,jev-latest,0.03,0.97,0.04,0.78,0.84,0.08,0.08
ab-test-000837,0,65e7cd0b053732117aa5322d7ea379f140b5152c044823468b347367cd176b9a,jev-latest,0.02,0.99,0.02,0.95,0.98,0.05,0.02
ab-test-000838,0,121c4a92756e3537974ad8638b9ef89adb9968c8354f46e8795b15e8d62e661f,jev-latest,0.02,0.99,0.02,0.88,0.89,0.12,0.03
ab-test-000839,1,1a9402c31dc88404d27b9e7bae86e2b65aa04e098b0f1eaf4a967268c5e703b0,jev-latest,0.84,0.97,0.12,0.93,0.14,0.09,0.86
ab-test-000840,0,6dc5d30d371792e915afbf436b79cac7624cf2f0143e61ae1b8a50abda90a901,jev-latest,0.01,0.98,0.02,0.37,0.89,0.06,0.01
ab-test-000841,0,fa906e681d41c56cd572c20abe115fbf6d8629eadf1f3776536864e0ef7d89fc,jev-latest,0.01,0.98,0.02,0.9,0.89,0.09,0.02
ab-test-000842,0,9764df97f9404055de0d2c450b2cfb2c8f45a70713997b25f038e5d9e980ed4d,jev-latest,0.01,0.03,0.02,0.83,0.93,0.12,0.03
ab-test-000843,0,12dec6f0b508db959c6ba0bc8b58bf73be204f459ac4811503c71eef69e8c7d8,jev-latest,0.02,0.97,0.03,0.63,0.96,0.25,0.06
ab-test-000844,0,1318909be693e620fdf9c13d39abb2496ef5d5213ebec045d6aefaf398dd5565,jev-latest,0.01,0.02,0.02,0.92,0.88,0.04,0.01
ab-test-000845,0,4f973bf10eb53c09cbd9627994b0cabe2aea0f9173f57c77be6af074561f9510,jev-latest,0.01,0.01,0.01,0.67,0.91,0.03,0.01
ab-test-000846,0,17eb69b9fc9b7e4cce25bdb37a215cee5167b5c0c0d1ece0594f65ea1ea050f6,jev-latest,0.01,0.98,0.02,0.94,0.88,0.04,0.02
ab-test-000847,0,7466936139ca74ef889638490e4e636bf1edcb4f5e90609ef4e9b1195d4ea9ff,jev-latest,0.01,0.99,0.02,0.93,0.97,0.03,0.01
ab-test-000848,0,2d3fe3310cc1faa184d3e16eb94e719f6b17ed2718ca077020391875b2b3dd83,jev-latest,0.03,0.99,0.03,0.94,0.96,0.05,0.13
ab-test-000849,0,16f2ea2d3bbb50baf052273a9316a0dfa7c63c31c4ec128e01442a4f8009f41e,jev-latest,0.02,0.98,0.02,0.55,0.9,0.17,0.04
ab-test-000850,0,a03956ee171254a7ade119df3f20f13d946726410fa25715fe8706f58f409b38,jev-latest,0.01,0.99,0.03,0.95,0.91,0.05,0.03
ab-test-000851,0,131a7aa18c3e8aa43cd675e8c4ecd7365dac4087ee8e1ec7f546e0bb86474824,jev-latest,0.03,0.98,0.02,0.9,0.73,0.06,0.06
ab-test-000852,0,d699fa0416a8a7f90a1bb31f2fc0e3d801afeab726df23522aef89bceff824c5,jev-latest,0.01,0.02,0.01,0.91,0.9,0.07,0.02
ab-test-000853,0,a4cb0e031e0615813e59bbc3ce9a54284b23240103a06e436b6a0e330719ebd3,jev-latest,0.01,0.99,0.02,0.94,0.95,0.04,0.02
ab-test-000854,0,4fe251d3b766958bab7005aa1ee329ab14562536e178c771cbbf469fb79ed9e9,jev-latest,0.01,0.95,0.02,0.54,0.97,0.1,0.02
ab-test-000855,0,78ea4ff0bae2dc07396223a1ebcaba39d38a1267d8d0e63ddbddbe5192e1e533,jev-latest,0.02,0.98,0.02,0.84,0.96,0.17,0.03
ab-test-000856,0,48e149231d8047fbe4b581443b66c667e0af511ce4b156f142da3325de7be650,jev-latest,0.02,0.02,0.02,0.92,0.48,0.19,0.04
ab-test-000857,0,3d2043523ea893225499369c8178dcc80a5521e55318758b8230f2416270a501,jev-latest,0.03,0.96,0.04,0.85,0.9,0.18,0.06
ab-test-000858,0,920d188998a02cdff9050e95ed9517e51904ff27cf3c7cbe86cf443d5fd2c3d2,jev-latest,0.03,0.98,0.02,0.82,0.86,0.17,0.05
ab-test-000859,0,5b07d6b84cf311b09ecb6f7456dced32679e8a907c5ed93f31475e6b790d3e89,jev-latest,0.01,0.98,0.03,0.07,0.92,0.45,0.02
ab-test-000860,0,9acc35e6ce216bdf5e4d9574211b5a6b4083a7b700c449f29bc423348289af0d,jev-latest,0.01,0.98,0.02,0.91,0.96,0.05,0.02
ab-test-000861,0,a974ed31276f6c22161364165821ffac637b8de28f22e4ed7625deca17251e0c,jev-latest,0.01,0.02,0.01,0.93,0.89,0.03,0.01
ab-test-000862,0,b48b5eef65562f05ef3711d74a8750a44442d62a3859d5dc480d33f3e470b2ee,jev-latest,0.01,0.98,0.02,0.94,0.95,0.04,0.02
ab-test-000863,0,21fcd2f282b97a451f59c1085cbdd74e08ea99f03f4d76dc8d288307bb04800c,jev-latest,0.02,0.98,0.03,0.19,0.85,0.6,0.03
ab-test-000864,0,ccf3e5073bd8342bdbc8d2a9984ac2b507e650a09380af578f991fd1fc011dfe,jev-latest,0.03,0.98,0.02,0.8,0.44,0.12,0.04
ab-test-000865,0,cee982c91dda30a6c541ba4ecd931580b20c0ce8e3febab6aec09a4293da0db5,jev-latest,0.02,0.98,0.02,0.76,0.45,0.11,0.04
ab-test-000866,1,e34da11e91908aab06692f69cdc7ac500d315d34001aa6e3ea27157a2724ee87,jev-latest,0.39,0.98,0.08,0.93,0.66,0.09,0.48
ab-test-000867,0,4b710ce6f0e285e027d2026e05130435db175c6bc06d9878bba4a4d0d1f6ce40,jev-latest,0.01,0.98,0.03,0.04,0.86,0.83,0.02
ab-test-000868,0,24631120fd3d65eeca49649cc1134e34951c42637c19956338befaffb7517308,jev-latest,0.01,0.99,0.02,0.59,0.86,0.04,0.01
ab-test-000869,0,0d82e30096a34fdcd672fa2713bee287a7273a31ffd0a1b53047810f7aa78176,jev-latest,0.01,0.98,0.02,0.06,0.47,0.92,0.02
ab-test-000870,0,e2cdf9186563b539e8f5c69b4c857fda738e38866616ecc7901c1191498b57fa,jev-latest,0.02,0.98,0.02,0.93,0.76,0.07,0.04
ab-test-000871,0,409a37a2d63802ada315c3e18d363a1d8abd1d8a2a8983b145f794855454fa1c,jev-latest,0.01,0.02,0.01,0.3,0.47,0.04,0.01
ab-test-000872,1,dc6c5ccf4b0ff0392139ae1f8aee9cbc421aefd93440805315e42138ca47ab71,jev-latest,0.96,0.99,0.96,0.97,0.12,0.05,0.96
ab-test-000873,0,99aafe6e0b713d6101b2255a9a7ec71a3d1e614ebb55a7aba364472d78b19743,jev-latest,0.33,0.97,0.28,0.89,0.87,0.22,0.64
ab-test-000874,0,2f3a5eb2575ce4f57c27065c4403bb3c9d9d3d18dee89bda2955f69f86426a78,jev-latest,0.01,0.01,0.01,0.03,0.71,0.19,0.01
ab-test-000875,0,b68817c5cb62b82ed0ed9c934e5ffe0eeabba0fde87fa1181671d0170443f7eb,jev-latest,0.01,0.98,0.02,0.58,0.71,0.07,0.02
ab-test-000876,0,7f9bd80c7367d812736c06718b1bc333040554c6dbca98f48ed3dd3361213d4b,jev-latest,0.01,0.98,0.02,0.05,0.62,0.1,0.01
ab-test-000877,0,629a7d23854af2b2df7b78b282eef08c6084d9bfc25b6fbe9a68da048addac40,jev-latest,0.01,0.02,0.02,0.71,0.21,0.15,0.02
ab-test-000878,0,fa82daa22741762bf9160f5b3fca526fbb05889b54945149cf5ac46a55e1b977,jev-latest,0.08,0.94,0.24,0.42,0.51,0.72,0.17
ab-test-000879,0,651a38d4de5c02c1c7a05b00adee5dbd4cdb892a45d0d3e966ae43da2c5dc5de,jev-latest,0.01,0.98,0.03,0.66,0.94,0.15,0.02
ab-test-000880,0,c80fb6d7550cf4654e3ced41edfb9329229f57554748e3c10ed2a4969882b9f2,jev-latest,0.01,0.95,0.03,0.05,0.92,0.86,0.02
ab-test-000881,0,efdedb9b715d002bbd12baf3d23b9639e2230d1c2b981110f6fee28c1039b7cd,jev-latest,0.02,0.93,0.02,0.85,0.93,0.21,0.09
ab-test-000882,0,4bfaa43c9817cd118bb243e9ae9999cb6b954dbdb8b57daf76960128962bf23a,jev-latest,0.06,0.74,0.03,0.73,0.9,0.1,0.14
ab-test-000883,0,f1d043802e3f09a2635bb06b8c2f52590df2d425e66682a50faa153a082f5ca5,jev-latest,0.01,0.02,0.02,0.69,0.91,0.04,0.01
ab-test-000884,1,aa507580638462b277cae83bb451ee31c143d959f246e47bdb559be27d41147d,jev-latest,0.59,0.98,0.59,0.95,0.61,0.16,0.84
ab-test-000885,0,0486c60b5465452a71eeabd1e2c626a576e1902c7085f6c4b06da395dd58585c,jev-latest,0.1,0.95,0.16,0.83,0.91,0.12,0.17
ab-test-000886,0,0901eb6fa7d828492326e0459a0aded7fb8bad5861fa69b8ce19713fcaf4c942,jev-latest,0.01,0.98,0.02,0.47,0.96,0.06,0.02
ab-test-000887,0,1752ea4dfd8c545810cd7c48766ab0c04dea539ee15f78d72da6cc0be67f502c,jev-latest,0.01,0.98,0.02,0.08,0.72,0.2,0.02
ab-test-000888,0,ca2f3ca4a8bad70d731b9564f2c152a45a8eff49054a868e09e5bd93747fa8c4,jev-latest,0.01,0.01,0.02,0.94,0.41,0.05,0.01
ab-test-000889,0,b348eef5352b866abf73ff6cea0a87cf24d5d2cc5e7e0ae6aa1e34b0bfb27eb3,jev-latest,0.01,0.98,0.02,0.91,0.89,0.06,0.02
ab-test-000890,0,d38d7be57836a686fc4a0d0a366d2b71c0e03c725eec2b207caa8ef0f94b0ffa,jev-latest,0.01,0.98,0.02,0.9,0.84,0.05,0.02
ab-test-000891,0,9720aa7b8429d07bd88b520f96081249d43480fe86d699e59d11f210d9751243,jev-latest,0.01,0.99,0.01,0.02,0.84,0.04,0.01
ab-test-000892,0,32b66ddbc99d9cea773f7eebc2c68d838fe6fbd6613b6d434d6b76f361908dc3,jev-latest,0.01,0.97,0.02,0.64,0.93,0.06,0.04
ab-test-000893,0,ecd2221bb7bfe7cd694b71dcae3fb9a1526991197dd73cfd6a81ac61a2997308,jev-latest,0.02,0.16,0.02,0.41,0.63,0.28,0.04
ab-test-000894,0,1bb09dffb936d89196d50cef8046df5a16012e416b312a2b1f3639230d1ed3a4,jev-latest,0.01,0.01,0.01,0.93,0.87,0.04,0.02
ab-test-000895,0,7728d4f8df3bc22c99a8a406ad717c3eced93c597ec6371505c42efc221238bd,jev-latest,0.01,0.98,0.03,0.06,0.45,0.93,0.02
ab-test-000896,0,40fcddb69c1d5482f7cd5a9c6c089637bd120f199219f054defb90d3a9af368c,jev-latest,0.01,0.02,0.01,0.87,0.97,0.04,0.01
ab-test-000897,1,a301382d13cb775bd7d9fd48d416193d3bea39f670670dba37e4677638124e0a,jev-latest,0.47,0.98,0.18,0.91,0.72,0.12,0.65
ab-test-000898,1,0e4309fee27fc261758fb9441838b8ee78bb9fcd75c7fd71677dbde8d572848a,jev-latest,0.91,0.99,0.98,0.97,0.15,0.08,0.96
ab-test-000899,0,dcf7cab01791cf93afe45fa12385174ddda6beea097bc5722eedd1cf229d4721,jev-latest,0.01,0.98,0.03,0.09,0.95,0.66,0.02
ab-test-000900,0,a7ef541ca84a0ca02a4ff5e43ba106373368a37d380529c4fb70f741f7a1c443,jev-latest,0.01,0.02,0.02,0.95,0.88,0.04,0.01
ab-test-000901,0,7ff51c56fae07e91ed33b76b679809b3af648af0d4370499cee7556e9a537454,jev-latest,0.01,0.99,0.02,0.92,0.96,0.04,0.02
ab-test-000902,0,636b1002edc2264b8fabc884645c6da5a36b111c26f72103114e7e935037fed4,jev-latest,0.01,0.98,0.02,0.91,0.94,0.05,0.02
ab-test-000903,0,37c05e88ac2b5a6fc1a42bb6602609dec5b450e13f2f9016ccf61be9f95d7eb2,jev-latest,0.01,0.98,0.02,0.06,0.62,0.09,0.02
ab-test-000904,0,84e8f0ae8bc44259e6c1130596eb9a0852bf86faadf904bd0db2b2c392f27ea7,jev-latest,0.01,0.98,0.02,0.48,0.98,0.09,0.02
ab-test-000905,0,4c252d0090fc1c57dd2595cb7091858563069d0e143726e2c01fee6f63145b3d,jev-latest,0.01,0.02,0.02,0.93,0.82,0.05,0.02
ab-test-000906,0,d76924a2c238db72a82e810eb640175ff2a49c9b08b7550c6452976195264d3a,jev-latest,0.01,0.94,0.01,0.02,0.75,0.07,0.01
ab-test-000907,0,3e0331e7c3a6b929c073515a4b8794376a9ebc668bb7689cbc8953bfe67c9e2a,jev-latest,0.01,0.99,0.02,0.66,0.91,0.04,0.01
ab-test-000908,1,5bf3a4be070c09500b452ec5b89bc9a54a2353630804338fb856fcb998093a39,jev-latest,0.96,0.99,0.87,0.98,0.12,0.04,0.94
ab-test-000909,0,158a17dcda7c579cb79bbbdfc39cd1b09226cc9bebd1b0361d85014c91480f29,jev-latest,0.01,0.96,0.02,0.62,0.97,0.08,0.02
ab-test-000910,0,80335f71b7f8a728aff74f386d04a8fb410400a346352442b1b9b36c982bdb5d,jev-latest,0.01,0.98,0.02,0.15,0.9,0.07,0.02
ab-test-000911,0,d8d3a416a4ecfbba624bc19103c270dd54f7a8fe473b4736c10bc2c50e33d29f,jev-latest,0.04,0.98,0.03,0.92,0.94,0.08,0.26
ab-test-000912,0,b40eda1b4d68e97d68e6fd7356e1812c259e30cdfb535b541bab22ee376ba216,jev-latest,0.01,0.98,0.02,0.47,0.81,0.06,0.02
ab-test-000913,0,97d66248e957c137fa0aaf58c2e47c7e27650eb5b79f2fd6232d9eab8cb9f36d,jev-latest,0.05,0.96,0.12,0.84,0.93,0.11,0.17
ab-test-000914,0,5dfdce8f9de64454922ba7a492be950367e6a670e190de0bb898d296f2960b85,jev-latest,0.56,0.94,0.09,0.81,0.38,0.25,0.54
ab-test-000915,0,144db36f82a2f037e4ce7fbb1711a95edbf1409476d31d180d86b71ce758ecfc,jev-latest,0.01,0.02,0.02,0.94,0.71,0.05,0.02
ab-test-000916,0,184dcd5aa7a6f5a9a9fa769b9b27dd7c7efada35c91fa2c26c03d6fac9880d07,jev-latest,0.01,0.98,0.02,0.06,0.6,0.8,0.02
ab-test-000917,0,13d8764e64e4f56d47ec394d62c52f17b426353e41f0495652cbfd46c5d52ae6,jev-latest,0.22,0.97,0.08,0.76,0.6,0.23,0.26
ab-test-000918,0,3b69f89af688788521d70f1cc55c382eccfb08e98a548cf95260aa1414123aac,jev-latest,0.01,0.99,0.02,0.92,0.98,0.03,0.01
ab-test-000919,1,d51c312288bac550edc6d539735df3e3fb2d8f995f6a8d1e2b5316fcd25a14e0,jev-latest,0.7,0.98,0.96,0.7,0.47,0.08,0.79
ab-test-000920,0,0ceef6ff932aff3cea438c8247c1da41bd6beb8e17d0dfbec35eef6caf98c27c,jev-latest,0.01,0.96,0.04,0.79,0.97,0.14,0.04
ab-test-000921,0,b053157f7a263b6146054a65f979067a649af5515ebadae4121b5e72174aede5,jev-latest,0.04,0.78,0.02,0.93,0.76,0.07,0.08
ab-test-000922,1,676952c3a025b8788bad1799febfd21f476e1bf5d1baa0f818c865470a7ab908,jev-latest,0.93,0.99,0.94,0.95,0.13,0.08,0.93
ab-test-000923,0,753c0bac079e371fefe69e8d8f2ed78524db1da15aeea49eabe18671b6ae96c8,jev-latest,0.01,0.02,0.02,0.07,0.81,0.12,0.01
ab-test-000924,0,28e045abd77c27e633c01a6662a980bf8c36109065bf3223744d7252c661f91d,jev-latest,0.01,0.98,0.02,0.02,0.89,0.03,0.01
ab-test-000925,0,e6bafc948162d21e64ebee70b3c9b6aaf57051f6273b45e879458cde4047b7e6,jev-latest,0.02,0.98,0.02,0.85,0.93,0.06,0.05
ab-test-000926,0,16360903f3bb95351f9c150a5070ed6a8e011de2e1956d28d0b56d8cbc6e1503,jev-latest,0.01,0.98,0.02,0.21,0.86,0.06,0.02
ab-test-000927,0,eae60b44fca9ab8bd17057172fade9724c2fa2dba9dc741efc560afdb26c628f,jev-latest,0.02,0.98,0.02,0.2,0.86,0.88,0.03
ab-test-000928,0,ffe8c5193c5253ecf8fce896f7a6c85b64248e0a78dc8db7125796cec242a9e7,jev-latest,0.01,0.99,0.02,0.51,0.88,0.04,0.01
ab-test-000929,0,2cc7c9f81f76de5186ff063817f0c15ea67086036bff87f6a4dc3c826a9320a5,jev-latest,0.01,0.98,0.02,0.05,0.79,0.68,0.01
ab-test-000930,0,8fb613fe5cc59e2d0a539146331e67f8bce1afc30de881372ca66f66f7718582,jev-latest,0.01,0.02,0.01,0.95,0.57,0.05,0.03
ab-test-000931,0,02cfd2dd7cea0ef64ce851de78fbb47964a9daa1d6e2910c1d8e4937cabbd631,jev-latest,0.01,0.02,0.02,0.92,0.95,0.04,0.01
ab-test-000932,0,a9ddd44eb481ebe496500080af251b9318368ee7992627f19f2cd32c20eb647b,jev-latest,0.01,0.98,0.02,0.75,0.95,0.05,0.01
ab-test-000933,1,0ab7be3a49d5cc610873344351d35ad2c0cdd543ab00e93ba75e25d5204ebeda,jev-latest,0.87,0.98,0.33,0.97,0.23,0.09,0.95
ab-test-000934,1,a1c3644ee9cf42169df4b1df6e9e53860850e57dc0fcd985fa00d8c7638aa141,jev-latest,0.92,0.98,0.8,0.96,0.16,0.13,0.95
ab-test-000935,0,5190fd1509764d32378a10f0bcaa7d61f28367540f54a3c6274255490f908bb5,jev-latest,0.02,0.98,0.02,0.42,0.87,0.53,0.03
ab-test-000936,0,6c398c3c795dfb90f05139967290633fd5beb1d9510424ee08ba3cc961a8d5d5,jev-latest,0.02,0.98,0.02,0.73,0.96,0.16,0.04
ab-test-000937,0,dbf4287ac01cfa3530cce7acd4aa55e71b029b4052c97671ba0647708eb2d786,jev-latest,0.01,0.98,0.02,0.92,0.97,0.04,0.02
ab-test-000938,0,600627d4fbd8d49d11164491cfd026d6a20de93c58f832f6027de75ee6109a8f,jev-latest,0.02,0.98,0.02,0.31,0.81,0.15,0.03
ab-test-000939,0,7c1a448e074b05578f8b69e27791ff14eddeeee82c19ab40426f10c61a81292c,jev-latest,0.02,0.98,0.02,0.93,0.95,0.07,0.03
ab-test-000940,0,3fd8a61391bff8eb6788524eb1c0c8a6ecb95d1478ca8de94859c3a505a5a7a2,jev-latest,0.02,0.99,0.02,0.92,0.96,0.04,0.03
ab-test-000941,0,a475210728417d578775584fa4f208b98f807932fbcc198c710dcf33f5efa292,jev-latest,0.01,0.98,0.02,0.08,0.54,0.78,0.02
ab-test-000942,0,25921a1e066afcb79af388ec2191efcd8282cdd33493e51a380adb86ff8ea55c,jev-latest,0.01,0.98,0.02,0.93,0.96,0.04,0.02
ab-test-000943,0,23c4cfbfb6c4c425ab197a8621bed24f88f08fefe9b4c465e33a4b18d20c05c7,jev-latest,0.02,0.98,0.03,0.88,0.98,0.1,0.04
ab-test-000944,0,625c0c9a0aeeb4e365030c5cf1f9b631e7030a53002bf95f3ac78580b55168f6,jev-latest,0.01,0.98,0.02,0.84,0.9,0.09,0.03
ab-test-000945,1,51ea3049e8eec91c7c415c370ccb9d08b13915fb23978bb81500d89710af05b0,jev-latest,0.42,0.98,0.72,0.9,0.71,0.09,0.62
ab-test-000946,0,2116f18b6cde43b74838b71e61bef68c9440ad91d626b376a50f59e298b78be8,jev-latest,0.01,0.02,0.02,0.93,0.95,0.03,0.01
ab-test-000947,0,4cd955b837404a8c3770e3eaf7ba5cf803cd3505f9ffe38b9bd456baaffcff6f,jev-latest,0.03,0.02,0.02,0.95,0.51,0.06,0.09
ab-test-000948,0,cd05b78fe9894187dd3506f94e8790a7631fea692cfa2264c00646ece01860f5,jev-latest,0.01,0.99,0.02,0.92,0.98,0.04,0.02
ab-test-000949,0,4e8e7c1952268058273e683fb28e792288eb33e67768643ee5f5aeaf1fde57a8,jev-latest,0.01,0.97,0.01,0.3,0.69,0.11,0.01
ab-test-000950,0,ac215ac24e205593700637b0df874d0788e4783e18d4f47584f0e3395251781e,jev-latest,0.01,0.98,0.02,0.63,0.76,0.05,0.02
ab-test-000951,0,b85a34bd3eae85eb568adaffbded499b3a8ece353d2c83ce978434b66cd41b84,jev-latest,0.05,0.98,0.06,0.94,0.94,0.08,0.3
ab-test-000952,0,9deb101acf1ea790f9895481eac60b2ccbb9e235ed2a759b23315191796b2411,jev-latest,0.16,0.97,0.05,0.92,0.63,0.08,0.26
ab-test-000953,0,8b0e3297f7d29ee44a448f5e352e88deadf1bd2ce489e3c22b787a4bcef20476,jev-latest,0.02,0.99,0.02,0.94,0.74,0.05,0.04
ab-test-000954,0,342235034e293e5e53f5116edff9e3a95e07001886bc529f05d0f48e7599d77d,jev-latest,0.03,0.98,0.03,0.93,0.76,0.08,0.04
ab-test-000955,0,0edbeb702bb462e51b30987290a6f39bcff8921a648f15964c236f3841421ec9,jev-latest,0.01,0.98,0.02,0.05,0.79,0.81,0.02
ab-test-000956,0,d7966c280663e1c8346386f4e250e1f9bf9a980843d1c8d8dadd992a498f89a6,jev-latest,0.04,0.98,0.02,0.85,0.95,0.17,0.08
ab-test-000957,0,e0bd38bf1f31f80fed39a04697062fcb38b67094af9af5bb77836af0a3244a37,jev-latest,0.02,0.95,0.02,0.85,0.9,0.12,0.06
ab-test-000958,0,cd27c4021dab11387e980626077fc50c9ea2061c633e5030ab627ba4cd0a7d39,jev-latest,0.02,0.99,0.03,0.94,0.96,0.05,0.04
ab-test-000959,0,b508c1238eb44d063054f5d0ecdce3c4a6ef377294c452295c34e25b6cfb7534,jev-latest,0.01,0.02,0.02,0.94,0.85,0.03,0.01
ab-test-000960,0,0a25fd1cc28e918f5584ef1e34a811f6f2d51859f9b0abfefd3893d607adcfd0,jev-latest,0.02,0.98,0.02,0.9,0.91,0.08,0.05
ab-test-000961,0,8ae48fa374dedbb6dcc8b47649281a8e697cf974ad35314de2d6c9aa8cc4b503,jev-latest,0.06,0.99,0.02,0.94,0.72,0.05,0.07
ab-test-000962,0,0064bed118291cd5b5c7765b1a45a0190b201a848cbfe39d47137e3cb26af6ed,jev-latest,0.01,0.98,0.02,0.13,0.72,0.05,0.02
ab-test-000963,0,d2c1f9f5cecd3e53912caddda7f3ef285448d9ca50ed923f5931e82bcbc1316d,jev-latest,0.01,0.01,0.01,0.11,0.94,0.03,0.01
ab-test-000964,0,dbbb83741e2ce54e08b32a7a3995a2f82c41c7e1deb6b7a4d53aef4b6965ada3,jev-latest,0.01,0.98,0.02,0.89,0.84,0.08,0.03
ab-test-000965,0,aa00a3e9fc066bb114646c319010d2d40c5188cda64719c1b58e9119d3bf5ab4,jev-latest,0.87,0.98,0.09,0.97,0.19,0.06,0.84
ab-test-000966,0,880c641948cff628ae19117e1c8c14cdcea03e5cf397b5e9034d7199537a65b5,jev-latest,0.01,0.99,0.02,0.94,0.95,0.05,0.02
ab-test-000967,0,89324187bbf4e8faaee335883a1e2eb0c062043aaba6ed02a40127d2dc4b6cf8,jev-latest,0.01,0.02,0.02,0.96,0.96,0.03,0.01
ab-test-000968,0,dd35be037d13d50f6b9496575321b7232ea9d6090e471ec4cb574ee39ad5f57c,jev-latest,0.01,0.02,0.02,0.91,0.85,0.04,0.01
ab-test-000969,0,4c3b2d1a2fd1196c374ed22d7a5bf04b99ae35db502541513ac6afe451e7e464,jev-latest,0.01,0.02,0.02,0.8,0.84,0.04,0.01
ab-test-000970,1,b865a4bd8c9980949c64bc1bf83eec321424ae3a99741e4ef6d91230538bf7a8,jev-latest,0.65,0.96,0.07,0.91,0.23,0.11,0.75
ab-test-000971,0,6626185f2859195f0c00c50ede765b38ef1b0b13b7399b9c168bbee6eb1b5863,jev-latest,0.01,0.02,0.02,0.56,0.97,0.03,0.01
ab-test-000972,0,382ddaf5bb2eb49227eef6126b3849deab063effb311c7296cf771fdb742c211,jev-latest,0.01,0.02,0.01,0.78,0.8,0.06,0.02
ab-test-000973,0,08d7a60aeeec947d38df173f283205c803f9b560d02f39712e4fb27496cdecee,jev-latest,0.01,0.06,0.02,0.83,0.86,0.09,0.04
ab-test-000974,0,424f7c781640d97b6d7e2ba8d356a1cdab67f4b8619ac1b82df48238ccc76d54,jev-latest,0.03,0.99,0.03,0.93,0.96,0.05,0.07
ab-test-000975,0,8ab522613a0c67e86f8f2ec099c78de97486e92813ad5d445615549144ef978d,jev-latest,0.09,0.98,0.02,0.93,0.85,0.13,0.1
ab-test-000976,0,ee664bac7dd218b66c0d9fa78dd301ec1e1030cfa52d306dace2df1972b6aefc,jev-latest,0.03,0.98,0.02,0.89,0.52,0.09,0.04
ab-test-000977,0,3b7520b7a832943a704738b49941bea802094ddaf98652edb7bb2c6438dfddb9,jev-latest,0.01,0.87,0.02,0.72,0.92,0.16,0.03
ab-test-000978,0,8a8d77e294fff4a18f19d88212d2b5d241845d074f25c2a2123e7c47dbb0695f,jev-latest,0.14,0.97,0.84,0.84,0.89,0.64,0.31
ab-test-000979,0,6bb128052da3ffae730ab42a8f1914eeb7aa60e358993447839fb4f54e2aa8d3,jev-latest,0.01,0.98,0.04,0.03,0.71,0.82,0.01
ab-test-000980,0,ee3cc398a0b176bf5a55c45daaeda06a59835f9c483350d9dad15eb342b15c55,jev-latest,0.01,0.99,0.02,0.94,0.96,0.04,0.02
ab-test-000981,1,92a88933089042342df2c165cdc3f89ee5b6543c90185554615eedf5c9296165,jev-latest,0.58,0.97,0.97,0.72,0.31,0.44,0.8
ab-test-000982,0,52efd84e1530c29605f4fc7834e97ed9aa64188a0e895f04c0ed186ce9d0570a,jev-latest,0.01,0.98,0.02,0.9,0.93,0.07,0.03
ab-test-000983,0,43bc515f67452d4a1bfbb9678d4b8d26b500f6d88a132567bdecf5eff3573ac5,jev-latest,0.02,0.98,0.02,0.84,0.91,0.15,0.03
ab-test-000984,0,1207918812a36e293863b68b0407b1e175755c886aa79bfdd589cbe0c574c1a2,jev-latest,0.01,0.98,0.02,0.14,0.79,0.05,0.01
ab-test-000985,0,0eef9ba67ca162187a3a52de6778c787923e83d6dbee9969473c4eb022c2b783,jev-latest,0.01,0.01,0.02,0.92,0.69,0.05,0.01
ab-test-000986,0,68a3033bdda48091370730c8f3124b060e43bda79b5974f96b3919f1183ca579,jev-latest,0.01,0.98,0.02,0.85,0.97,0.07,0.02
ab-test-000987,0,805468377158b7af87d00bff86f5c353396820510badac51eb3b4a17c16422e8,jev-latest,0.04,0.98,0.03,0.78,0.96,0.11,0.07
ab-test-000988,0,ac50c2f33771fb0622ecffccdcd9561aae88209d9d121a5690a32ae581c14cc8,jev-latest,0.01,0.98,0.02,0.86,0.97,0.07,0.02
ab-test-000989,0,4e06c6db3d96618361df3aafe9959334e0ddf2ffd6171dc198511bbcfa40816d,jev-latest,0.02,0.99,0.02,0.94,0.98,0.05,0.02
ab-test-000990,0,f1f3af82c4ba2bd02246686596f3d4f0b8edcceea45eea792f5b5c0ccd0fb0da,jev-latest,0.03,0.98,0.03,0.93,0.96,0.09,0.16
ab-test-000991,0,b902ec7467ae8a9c6f3c932c1d639edd69ceaba48ae958b15b997b89e0493e5e,jev-latest,0.02,0.98,0.03,0.93,0.88,0.06,0.05
ab-test-000992,0,36ae78b6766c07d9ba93b289131287a2bf3e37297688bcc70e54b6488cc54b95,jev-latest,0.02,0.98,0.02,0.74,0.93,0.2,0.06
ab-test-000993,0,290e4517c89d7532c33536c1a8bb85a4371543e61f118b76cd2f5e2c1ef6286f,jev-latest,0.01,0.98,0.02,0.93,0.88,0.05,0.02
ab-test-000994,0,7b7ac9adadd3443c18157f48ca7f0c8fae4130a19753b8dc449e219e3ea22532,jev-latest,0.01,0.98,0.02,0.62,0.78,0.05,0.02
ab-test-000995,0,250125e9b64cdd50d3ef395cf5810eda06d8fc497aa5f336b0492c91f5d8b8f1,jev-latest,0.02,0.98,0.02,0.9,0.78,0.06,0.02
ab-test-000996,0,de708bd3ff0cda2724918653809a49cb55a2cdc8cddb3b79d92fd6b3b4c968c5,jev-latest,0.01,0.99,0.02,0.95,0.83,0.04,0.01
ab-test-000997,0,f4a879484d006ff3f804f85e4edd55219825dac324d4a9496b1342714b9b33a6,jev-latest,0.01,0.96,0.03,0.74,0.97,0.12,0.04
ab-test-000998,0,9130e7995f674ecc77494ea40382cad4a68a8348710b589156f42dafe11ffecc,jev-latest,0.05,0.96,0.03,0.66,0.53,0.08,0.09
ab-test-000999,0,1897f2c8d4c063e9fd6fabd3c8a4d739b80c6bc3e1a0b4063aa09fb43233a25a,jev-latest,0.01,0.99,0.02,0.56,0.98,0.04,0.01
ab-test-001000,0,440b4ee75c73f8b94970b085c33ad6f313e927aadbc1c6eae2ba99313e67fda8,jev-latest,0.01,0.98,0.02,0.23,0.93,0.11,0.01
ab-test-001001,0,22ce48706d3345105dbdc745175e2aea730e8f96f681b5b71b9b3d1b73ae4fc9,jev-latest,0.03,0.99,0.02,0.94,0.79,0.05,0.05
ab-test-001002,0,a1fccde7941c5ce2ab085febcaf408a0bb8b460cb42dbad4e9eee57313a26b25,jev-latest,0.02,0.98,0.02,0.11,0.82,0.17,0.02
ab-test-001003,0,30fe075fc5d0809f60458ddea5ceb8e03d71ee6fe45cf1f59aa494825e9e5dba,jev-latest,0.01,0.98,0.02,0.65,0.95,0.13,0.02
ab-test-001004,1,a51c6990f139a888162b9d5d1b89eb6932f06040d56ae0f4ddf76d0a627149ff,jev-latest,0.94,0.99,0.96,0.98,0.23,0.04,0.95
ab-test-001005,0,c3a8b2e61d51b5eccea49add23208d42a511754914ba38fc43d9909f6fabcb01,jev-latest,0.01,0.98,0.02,0.92,0.98,0.05,0.02
ab-test-001006,0,6f10744672ed141c007f953be49433d77d19795a30f6a37c7fbff0e086fa969d,jev-latest,0.02,0.99,0.02,0.93,0.98,0.05,0.02
ab-test-001007,0,94e0716cb1074b6946dfb432c93955d4e2f53d172eedd710ff72877157482895,jev-latest,0.01,0.02,0.02,0.91,0.81,0.05,0.02
ab-test-001008,0,68e3c60276e7d354c4a942906324aa81ec37015305c52913cb93eae4a28a7ad3,jev-latest,0.02,0.02,0.02,0.96,0.73,0.04,0.02
ab-test-001009,0,a1f4985418860239fc2a19a0cb12bf495f34f72da1228a39d595f806c2f1beaa,jev-latest,0.01,0.97,0.03,0.06,0.51,0.91,0.02
ab-test-001010,0,951442c70a16c326cad19729213dd436fd3121e5e2fec0b3dee910bb827c7164,jev-latest,0.01,0.96,0.02,0.05,0.94,0.41,0.01
ab-test-001011,0,6632739a9950517c2188b2eccc88c50ae51962850ee234755623c20b3dd899ca,jev-latest,0.03,0.02,0.02,0.92,0.64,0.06,0.05
ab-test-001012,0,4dec8e5b3b0234e7e5f302936ff7331dbb89797c4d8c4dbb896bc4ea4b19a95e,jev-latest,0.01,0.99,0.02,0.91,0.97,0.04,0.02
ab-test-001013,0,f5f7f0dd3d2a2d2d59ebcbfccbcb58ba274a618b318d19777ea62a21af4ff30f,jev-latest,0.02,0.99,0.02,0.93,0.95,0.05,0.03
ab-test-001014,0,9bda2d3328846a9803e49338e449185eee64d95ee76e7d75728e1f138cdb5810,jev-latest,0.01,0.01,0.02,0.93,0.82,0.03,0.01
ab-test-001015,0,1492935e4503a5df0e60150e12a3312f65859caf15d32095447651248fe36bcc,jev-latest,0.06,0.98,0.18,0.91,0.94,0.19,0.15
ab-test-001016,0,5778b62c77a51815ceb18fe6363fd732d43106817d7b2d5821b42bac96c058c4,jev-latest,0.02,0.98,0.02,0.91,0.89,0.07,0.02
ab-test-001017,0,87c15bc09c94ee009b0eea2fffb3387559bc711a9e2041fcc10a6c82d787341f,jev-latest,0.02,0.03,0.02,0.81,0.96,0.13,0.04
ab-test-001018,0,7c2e8f6c7d997c3d260922697a6116f74e6794247eb17804e4715ef045c15619,jev-latest,0.01,0.95,0.02,0.69,0.97,0.08,0.03
ab-test-001019,0,d575d8bc91176f5956fc64089d975c7b3cab0e10dd1dfbbe0fcdaabea2bf7b9a,jev-latest,0.06,0.96,0.03,0.43,0.75,0.55,0.06
ab-test-001020,0,801a48203e2795ba033e466915c946e789733292287dd314ead389f3d18e5a4d,jev-latest,0.01,0.02,0.02,0.76,0.88,0.03,0.01
ab-test-001021,0,5fb3cb090d836fbc59e1ed721e4eed53263d8ef0f600f45a0bf99e71e00ea0a8,jev-latest,0.01,0.97,0.02,0.05,0.76,0.89,0.02
ab-test-001022,1,70a818a357854c854e62a0ae4bb9958fd87d64b60a349c84b1a4d23880f72d41,jev-latest,0.95,0.99,0.97,0.97,0.1,0.07,0.96
ab-test-001023,0,54585cc6f52b8882a38138187c21dde15456c9f59e77e3df6c4be11f7d0e00e9,jev-latest,0.01,0.98,0.01,0.62,0.93,0.04,0.01
ab-test-001024,0,feaec777afae3a2ae45456e2429774d0ba932b66e7d8d947ede9517e45df880e,jev-latest,0.02,0.98,0.02,0.93,0.95,0.06,0.04
ab-test-001025,0,ba1750b9599df5b8a3c4259586a0f8a35e2e0961c93ca41eb250d400b752c455,jev-latest,0.02,0.03,0.02,0.91,0.93,0.12,0.06
ab-test-001026,0,35f38d1138b1eb056c24b1163b44052ac510f183b284bbaf628c8baa6d8ac792,jev-latest,0.02,0.98,0.02,0.76,0.67,0.07,0.03
ab-test-001027,0,f2a0e15a7584ecc895bb31bca4ef5be01491abe20c2ceebf205e745d6433b5a0,jev-latest,0.04,0.99,0.02,0.95,0.86,0.05,0.06
ab-test-001028,0,43ef3442bf7811f9bfe25c50c8921125d104c7126453cb2a153360bc1f10f07b,jev-latest,0.01,0.02,0.02,0.94,0.97,0.05,0.02
ab-test-001029,0,8f834cf5abda7c3d0386daa72fb043a545c4508b868926d5e9f8733365a374d2,jev-latest,0.03,0.98,0.02,0.83,0.91,0.14,0.05
ab-test-001030,0,0c882a3ce8267cd1147b5a59b7d33916db9976afe06f63269e70e616e710d688,jev-latest,0.01,0.98,0.02,0.72,0.97,0.06,0.02
ab-test-001031,1,9010565096aaa5264b9e54ef745d19d75854f67689a05ba6c725f677725c3895,jev-latest,0.94,0.98,0.97,0.96,0.11,0.14,0.95
ab-test-001032,0,68491213c9dcfa4ef1444259de7223a8d25d913dddd28130c4375496789ab1e5,jev-latest,0.1,0.98,0.03,0.9,0.74,0.09,0.11
ab-test-001033,0,a06516081919f7363bc72721af2970e918c53654308039676a25749d1de227e1,jev-latest,0.02,0.98,0.02,0.57,0.77,0.08,0.03
ab-test-001034,0,4b740c2c9c3cd3c157329776fbaf732186c38925bc6c5ed6d93c355a8eaf717a,jev-latest,0.01,0.98,0.01,0.11,0.95,0.07,0.01
ab-test-001035,0,13fcf07fafbb83f604244892c4e889adab208204bf5e858102d878cc65217b5c,jev-latest,0.14,0.98,0.37,0.92,0.91,0.08,0.42
ab-test-001036,1,4f59bf33cd2ae80edfbefe0c35b66345478911e08103c6501bf169251b71d388,jev-latest,0.89,0.97,0.97,0.93,0.15,0.16,0.93
ab-test-001037,0,c6c17d19d0050391ed946bf04f39da07cb43223cd350c46485042e0b527f5287,jev-latest,0.29,0.98,0.09,0.92,0.46,0.07,0.3
ab-test-001038,0,d243c37440f963e331da9f75b12468631f20092ef3c89e211c1733b8c459030c,jev-latest,0.01,0.99,0.02,0.94,0.96,0.04,0.02
ab-test-001039,0,7a08b473eccbaeca927dcbbd8667ed1d720aac34f619b3fc68ce09af507c7f28,jev-latest,0.01,0.98,0.02,0.55,0.96,0.51,0.03
ab-test-001040,0,91df301941aef9434a9050e5ca150988bce25b13e812132332a5123b4d978d7f,jev-latest,0.02,0.97,0.03,0.57,0.38,0.3,0.03
ab-test-001041,0,a6476b9cc6f843c7c351f810f07c55d52c073bbdbcbc46b4a42714af1c26b038,jev-latest,0.02,0.98,0.03,0.18,0.84,0.71,0.03
ab-test-001042,0,001770940d075c1fe59e23f442a235c0a8e62585a05f7e46b467485d8e062f5e,jev-latest,0.03,0.96,0.02,0.8,0.92,0.14,0.08
ab-test-001043,0,7d2444b7d8ab9694e047b4363c5f76c52032adda0f92a834f162a6cb739cd2d6,jev-latest,0.01,0.02,0.02,0.95,0.87,0.03,0.01
ab-test-001044,0,af1dced94c25b507208e3f200af0e1cb3e42a5de7020ff6a1ce33d3e65fefaa1,jev-latest,0.01,0.98,0.02,0.89,0.8,0.07,0.02
ab-test-001045,0,d804347e452a10545ca413688f619be5aa6855178391801372746518e29cebbd,jev-latest,0.01,0.99,0.02,0.93,0.97,0.04,0.02
ab-test-001046,0,298633952f92bee921cafbd3c2e3dcbe8c60df1266fda0f44365807e8bd14ef7,jev-latest,0.05,0.99,0.02,0.9,0.97,0.05,0.04
ab-test-001047,0,a103b11f6d690b1e2d2b1d5f6be1377eca0c6c60417d057cc19b212833105970,jev-latest,0.01,0.99,0.02,0.45,0.85,0.06,0.02
ab-test-001048,0,5a33e9227a47034ac22ff105f3b7f0af63c7bffc9a4aef80c236a8b6b4e32b8b,jev-latest,0.01,0.01,0.02,0.94,0.44,0.04,0.02
ab-test-001049,0,0e87656d6021b469601b9b99e9ba7431d2231ab06cc6253e4ca745661416894e,jev-latest,0.01,0.01,0.02,0.12,0.86,0.1,0.01
ab-test-001050,0,a871d970c246965a67fab9a65be9bb9669ba366a6d6c1a75bf837eaa86a0c109,jev-latest,0.05,0.98,0.03,0.85,0.73,0.1,0.1
ab-test-001051,0,3a6296bc800cc2bd54225bc722917034e9e61d9b094d93153ec1cc2ca22282d7,jev-latest,0.12,0.98,0.03,0.92,0.7,0.09,0.09
ab-test-001052,0,706416f7153dd54bba1e433df86611c1457c6f1b2f32dd9c55d9da935f5bcd45,jev-latest,0.02,0.08,0.02,0.35,0.54,0.24,0.04
ab-test-001053,0,4f11a65949649dac3b19e56f84d61f7392a856987da7ed849eef0e53354aa9f8,jev-latest,0.01,0.98,0.02,0.12,0.46,0.12,0.03
ab-test-001054,0,7535011ac43217570644b641bb1c9938df8abb03dbd5ac8356b9447c861a8ec0,jev-latest,0.02,0.03,0.02,0.8,0.97,0.13,0.03
ab-test-001055,0,f2b5c8d141edf66a2b450636f6ac6e482016acae48d9074ed6bb6fb58153944e,jev-latest,0.01,0.02,0.02,0.85,0.92,0.05,0.01
ab-test-001056,0,0daf358b42d42f051c4539d57b5c32758d5a2668ac89ba268f081737853be2ba,jev-latest,0.07,0.95,0.03,0.84,0.91,0.2,0.13
ab-test-001057,0,de7a7065a24200ab6bd992d49b36719cdea7086f57f796894dbbec8da2226000,jev-latest,0.01,0.98,0.02,0.51,0.97,0.22,0.01
ab-test-001058,0,c226b44d03839d7eb5e0a4a7ddc098fe056f08d32899fa3b9d252812f6350369,jev-latest,0.01,0.02,0.02,0.81,0.67,0.04,0.01
ab-test-001059,0,baf749e6a3be2411eadac7236df8a506e4eed478eed1cb950fb239b920750330,jev-latest,0.02,0.98,0.02,0.65,0.97,0.51,0.03
ab-test-001060,0,d7a8e15205d015e20dc64db2bab1bca7fcfd14d66a9ed5288b654896857e2a24,jev-latest,0.02,0.94,0.03,0.4,0.69,0.22,0.04
ab-test-001061,0,8f17917b0277b3835f67d4199a8bfd6a6443f70890520ef182a883e14381ff4b,jev-latest,0.05,0.98,0.02,0.84,0.9,0.19,0.09
ab-test-001062,0,aa366257f9ac3b8b98eb0c0b85c6874ba3fea5f984fc5a432074d6000a8bd1bf,jev-latest,0.01,0.01,0.02,0.84,0.89,0.04,0.01
ab-test-001063,0,4823a42819c5662e8363939377c5c52e51e440f96d7f88a4916b72543842d82d,jev-latest,0.01,0.99,0.02,0.93,0.96,0.04,0.02
ab-test-001064,0,e8b7f7a8e7acde1d7248ac1f4ba3319873dca5be2230a78c4dfcbcfe63fe9b9e,jev-latest,0.01,0.02,0.02,0.9,0.9,0.04,0.02
ab-test-001065,0,3d742719767bbce4acf3af93e85989d050a7c54887c661fdb99842a15c7c0817,jev-latest,0.01,0.02,0.02,0.05,0.85,0.5,0.01
ab-test-001066,0,c39c31dce3240dfe9ce74960f6a3c11a83a8fc29e7264a52e2b4a5e7f9a8d5d9,jev-latest,0.01,0.02,0.01,0.83,0.92,0.04,0.02
ab-test-001067,0,7b5f713fe9b79a036e5ad73c69bcbb5715595b098e5c2a216c9e276a31f4d99d,jev-latest,0.25,0.98,0.17,0.71,0.73,0.17,0.27
ab-test-001068,0,1a1cf531a45d57d4ee2fe93f974b3d2761a2aa72f3157af196c4e1e61178c453,jev-latest,0.05,0.02,0.02,0.96,0.5,0.06,0.13
ab-test-001069,0,199a9d3f380f6c010fcda2d89613bd611c8df6247596757416c0c7bab16df0da,jev-latest,0.01,0.98,0.03,0.59,0.93,0.23,0.02
ab-test-001070,0,282f82c420d7297764d9c7be67e13d50b88151933964c4e45a05e2ccd291af24,jev-latest,0.01,0.02,0.02,0.95,0.9,0.04,0.01
ab-test-001071,0,5b65bb946767868684a3c75e0b3c336ff8fe6e774e4ea2100252efaeab51f7e1,jev-latest,0.01,0.98,0.02,0.92,0.96,0.05,0.02
ab-test-001072,0,b46d7183bb744c7ec46acf5bce8137b5c054936393654cc1169c56af6e6f4cef,jev-latest,0.31,0.97,0.06,0.87,0.45,0.31,0.35
ab-test-001073,0,ced605663d98284769965d69a5267d2d17c8c6f181c13b5cf73d20c007473055,jev-latest,0.01,0.98,0.02,0.83,0.92,0.12,0.02
ab-test-001074,0,1f9a1c9d1e794f60c19df1b381cc1e2fa2813c93363a87df45c75baa60a80670,jev-latest,0.01,0.02,0.02,0.95,0.89,0.03,0.01
ab-test-001075,0,97f1db7664f304b51ac1ee51674aae0467a5f4f426954bfc0faaa8433bd7fbdb,jev-latest,0.01,0.98,0.02,0.91,0.96,0.07,0.02
ab-test-001076,0,d4c6a01e23d442dc35e1505bd8032954a49cb1ad2ccdb5f8279838373fd12932,jev-latest,0.01,0.95,0.03,0.68,0.96,0.11,0.04
ab-test-001077,0,d504474aae5051c22426e8e5d9f6b5d1d704ed35878f011366d6b6370aaa45f9,jev-latest,0.17,0.96,0.05,0.74,0.78,0.32,0.23
ab-test-001078,0,0d5f0225c7743490ed0093330788ce7eea81265c7003902cc3620dd11ec47090,jev-latest,0.01,0.98,0.02,0.87,0.93,0.09,0.02
ab-test-001079,0,e98e5bbc60e5aa30fe82311cff680dafd2d6900d64412beec70e93b73432fb96,jev-latest,0.03,0.97,0.02,0.78,0.88,0.17,0.1
ab-test-001080,0,6265e4111d6f973c2010135b7f006cdf73f547c585daf8dbc9fda1cd17ade4f2,jev-latest,0.14,0.97,0.02,0.7,0.57,0.47,0.18
ab-test-001081,1,7aa7462b76cc4cf1fc15336ed0f3c1ba5fb9ec9352154eb668aa62683d299778,jev-latest,0.85,0.98,0.71,0.93,0.25,0.09,0.84
ab-test-001082,0,1dcf49510c5ea88ad5f6522439412ead8b7b90aa7c72643183b377a1d922ac56,jev-latest,0.01,0.03,0.02,0.82,0.97,0.09,0.02
ab-test-001083,0,6bee3c8f63ea9aea04326ea7383c948001d19feca1d6ab497f8c9bbf6575b296,jev-latest,0.01,0.01,0.02,0.93,0.94,0.03,0.01
ab-test-001084,0,b87bbe8aba41e9825d510c1eabbd9d094c31d5dc9105740c12bba5a9cba69fda,jev-latest,0.02,0.97,0.02,0.71,0.93,0.15,0.03
ab-test-001085,0,7e6c4a238f47c880707ecc65c9830e0397ed62835aaf1b9a8c0b2660256d9df2,jev-latest,0.02,0.97,0.02,0.62,0.94,0.06,0.05
ab-test-001086,0,89300f7476d82ba298c65f6c78e0a0ed9254fa5e8dbd33be63d371352138ee71,jev-latest,0.01,0.98,0.02,0.09,0.43,0.15,0.02
ab-test-001087,0,b4f3a4aa3d6791d1f85755926aec10bf86a245d39ddeef7ecc1a8516240dcee5,jev-latest,0.01,0.02,0.02,0.9,0.8,0.06,0.02
ab-test-001088,0,b9c639a8556985d9c272a6783932d5a30a738f8ad0ce180779c17562a3316dc9,jev-latest,0.01,0.98,0.02,0.92,0.96,0.05,0.02
ab-test-001089,0,5a74caa7bbb15120d310d4db03c8048ec337d7d1f8e7bfa991a7be641c30ac6c,jev-latest,0.01,0.97,0.03,0.59,0.95,0.2,0.02
ab-test-001090,0,b1e4debb8a95fe4cbb7a49af353d15829752d10f57b969b9029ba3f4855c12cb,jev-latest,0.09,0.99,0.04,0.91,0.73,0.09,0.14
ab-test-001091,0,3ac86b7b7fa9a4049fbff4c811e28cb5a0eeb1b933952f05f616616b1b9f7c42,jev-latest,0.01,0.98,0.03,0.89,0.92,0.06,0.02
ab-test-001092,0,e633d48982690d7d953007126f7e61102ca4f12455e24d28284434df921b2e53,jev-latest,0.02,0.98,0.02,0.81,0.85,0.06,0.04
ab-test-001093,0,a9886eb2a4da3cc1403070c63b7095d74beb6f6584df979dced58e770298f01f,jev-latest,0.01,0.01,0.01,0.55,0.91,0.03,0.01
ab-test-001094,0,7e331a38d545dc630b1996ea1186d007fa480bb530c2b984e5b998fb0ae312da,jev-latest,0.01,0.02,0.02,0.72,0.66,0.07,0.02
ab-test-001095,0,1f169fcf918f4ea847ed0a691869f92664e9f86f9971909a67d7bc02e07da902,jev-latest,0.01,0.99,0.02,0.86,0.92,0.06,0.02
ab-test-001096,0,c114e7d9ffc5b1c9197372cd0d78d0cd4053bbbddfcf273ee94f3529f903a73e,jev-latest,0.01,0.02,0.02,0.91,0.77,0.04,0.01
ab-test-001097,0,7ea165aa49291b1846af10b3b060014294400f2efd07fe7fac48d7b0340fd5c8,jev-latest,0.01,0.98,0.02,0.05,0.68,0.91,0.01
ab-test-001098,0,8adc540503e513fb37a25d85b72706b6c8c4e514f871aa5a72681391fc2de510,jev-latest,0.01,0.98,0.01,0.07,0.96,0.07,0.02
ab-test-001099,0,d644be58956fd59ecdb0ed3b396fea72969f075fc5f1e4f3029a8c9d0d507724,jev-latest,0.01,0.98,0.02,0.94,0.98,0.04,0.02
ab-test-001100,1,b531b793183a4c4c3eb35a1fb4c492f995b033f9cb4f452096b8b7559181a6b0,jev-latest,0.92,0.98,0.83,0.95,0.17,0.13,0.92
ab-test-001101,0,d3eb195fbf679ef8f6dd82f477ce8b447b3a0a7279f2b0747e93a92a1017e1ec,jev-latest,0.01,0.01,0.02,0.92,0.61,0.05,0.01
ab-test-001102,0,96871dd43968437e14fa27cf34d042ae8918bca9fac06f74afb67d5f21b47aa5,jev-latest,0.02,0.96,0.03,0.83,0.96,0.11,0.05
ab-test-001103,1,6685fa07865b005daee258e6a7a25a09171c399f197b451caa1e2da478610328,jev-latest,0.95,0.99,0.93,0.98,0.16,0.04,0.96
ab-test-001104,1,26b959e41c748bb573f939e8c13068dd4d98c618a510aee93f148fb286bab812,jev-latest,0.66,0.97,0.83,0.91,0.59,0.15,0.72
ab-test-001105,0,013ba1b75668effa2d9b2fcf6f7ff131d9b5c8846016ed66b6eb5c462e532645,jev-latest,0.01,0.98,0.02,0.54,0.9,0.05,0.01
ab-test-001106,0,96740261f822fa56daf09082a80df11a961dcbf2053ccd800c4bd4c8057c2033,jev-latest,0.01,0.99,0.02,0.92,0.96,0.04,0.02
ab-test-001107,1,61ae717e0d7f200166ff626c5210a1c6d00680fe6f59204340c71ef114aa0e42,jev-latest,0.81,0.97,0.97,0.94,0.45,0.12,0.93
ab-test-001108,0,95f1ede32ad8b484d9018be10f20e8cd164f68284089a57a20e0a6bd55fd302f,jev-latest,0.06,0.76,0.03,0.81,0.69,0.26,0.14
ab-test-001109,0,7bc99a97dbab830260702de61d7f34e302ac3bb0950a97581379fe9563118aea,jev-latest,0.04,0.95,0.02,0.76,0.87,0.18,0.08
ab-test-001110,0,19a0baf8e7f8515d534d71d3dc9bb30bd55da9ae4a29e4ee879d23f61b207932,jev-latest,0.02,0.98,0.02,0.9,0.95,0.06,0.02
ab-test-001111,0,c35e1eb2db9046bfb2a4d579887a5d675b4d6da710f58849ba11de8c3bdf3cee,jev-latest,0.02,0.99,0.03,0.93,0.88,0.06,0.04
ab-test-001112,0,a597a1a596724ec3043a318aaa799d21e2fb9096723f08f5b5d1040427344c1d,jev-latest,0.01,0.02,0.02,0.78,0.55,0.06,0.02
ab-test-001113,0,22de849b06d29d33fb50c7446fc904d9c3e268684569127c82c2921eaf377329,jev-latest,0.01,0.98,0.02,0.05,0.67,0.73,0.02
ab-test-001114,0,e08980481a5f8f7d78db64b168074cefc8439ff9e9258a7f63e6594112e3f7cc,jev-latest,0.02,0.99,0.02,0.92,0.96,0.11,0.03
ab-test-001115,0,36f68cf68444a9d3fc874af745cb25f1cc452625787f5a025d5807a58dcf9300,jev-latest,0.01,0.02,0.01,0.93,0.95,0.05,0.02
ab-test-001116,0,0f24d85bad456493776de45aef1bdc8e7b5e20313075105e5d2e5d29827373d4,jev-latest,0.02,0.98,0.03,0.9,0.98,0.08,0.03
ab-test-001117,1,4d054a4895b3c5403008bb47c49f17f8e4c4bbaf2d51ff7176e354f75b3dfc37,jev-latest,0.83,0.97,0.78,0.93,0.39,0.2,0.9
ab-test-001118,0,5d738dc034765e0528c3878179f3d16f666fd977eb4071facdcf46ef07b381a7,jev-latest,0.01,0.94,0.02,0.47,0.96,0.1,0.02
ab-test-001119,0,ca681f6a3af912670ee9b4fedf919344dd1ed4e51b3426399ad78c71cc6074e3,jev-latest,0.46,0.97,0.07,0.83,0.42,0.25,0.5
ab-test-001120,0,57c856464a9b27b9f5406099d6c6524a98d37d6f33b562714068ef2b27fa6484,jev-latest,0.05,0.96,0.03,0.92,0.91,0.18,0.14
ab-test-001121,0,9fb6281a5963a04eda7b8e5ddaf6ee4eb2b46433a3c476e08d9a6dee03f39e8c,jev-latest,0.03,0.98,0.02,0.88,0.74,0.07,0.04
ab-test-001122,1,d2674261cc2e64590d6eacfb8e42c036e02d70ba037275ebc94783373c8de579,jev-latest,0.87,0.97,0.98,0.93,0.48,0.17,0.91
ab-test-001123,0,624f8f66f9ecb261abbf36891cb94dba59b280fc595469461b1e43756b354e3b,jev-latest,0.01,0.02,0.01,0.9,0.6,0.06,0.01
ab-test-001124,0,cd85ae84eca25f9cc9dd60729d4e661cf2b9b25c5936c264ff90735f220dfd07,jev-latest,0.01,0.98,0.02,0.63,0.96,0.06,0.02
ab-test-001125,0,5e3b92f1b5a95225dd44a2d18dfb5fe1196bde50903e1994490a42146fefd38a,jev-latest,0.01,0.98,0.02,0.48,0.74,0.06,0.02
ab-test-001126,0,d0e84ecdc5d75fa81df1e905108765a58aa9411b1b7c1e5a52c4904d14f8d66b,jev-latest,0.02,0.99,0.02,0.91,0.94,0.04,0.02
ab-test-001127,0,b75528139a55b38621eabd8d59e6aa904022f141d6bfa9e211c9589d9d8a8564,jev-latest,0.01,0.99,0.02,0.54,0.97,0.05,0.02
ab-test-001128,0,bde6408f6ebb657f0f0587a8b45a147b2e47d27a74b1adcaca9e6da8d205f7ce,jev-latest,0.01,0.02,0.01,0.91,0.95,0.04,0.01
ab-test-001129,0,0b355cf7f9d22a7b7225dd01bd93d515b146b9dd87642fa656539dc3e63003e2,jev-latest,0.01,0.98,0.02,0.68,0.95,0.04,0.01
ab-test-001130,0,6571c8e88b491c745dfa9945354130693e8c1ceeaf1635103f9c1fb8f2a30c7c,jev-latest,0.02,0.99,0.03,0.93,0.96,0.05,0.05
ab-test-001131,1,d0b03ac7b9607099fa59c1124fda777071d9659ecf9dde7a1a5f268cc83c38b6,jev-latest,0.94,0.98,0.98,0.95,0.13,0.08,0.96
ab-test-001132,0,70bad41eba746edc317b49465f83dfd6475a3b6fb8798bd019c953fab1bfa0e9,jev-latest,0.01,0.02,0.02,0.9,0.53,0.04,0.01
ab-test-001133,0,bc647dc6b3ac8d2c64f0097a505cdb05bf149e48926a0c11aa89d3bc1f9f321a,jev-latest,0.01,0.02,0.02,0.94,0.89,0.03,0.01
ab-test-001134,0,69ab527c5a2a4a4fe06707976551714ebe2f5b560494a4b6dbd3cd0a5e1cb826,jev-latest,0.02,0.98,0.02,0.95,0.87,0.05,0.03
ab-test-001135,0,5ae0d85b4458e62df4ea1761ca3bdf6d73ce6623cbf28ef404bfe7ef396a353e,jev-latest,0.02,0.98,0.02,0.86,0.85,0.07,0.03
ab-test-001136,0,add9894f4817cde5dc097e0e275ac70a263dfb9676b5398f6d8a819fe8b2aba3,jev-latest,0.03,0.99,0.04,0.94,0.95,0.06,0.07
ab-test-001137,0,45770a757bc031124f05db2f6eefff35dd8f9b9b6b0238600293bc37bab2dbb0,jev-latest,0.01,0.98,0.02,0.1,0.26,0.18,0.02
ab-test-001138,0,0f15b87bedcfd7014bf27f7b5fd5866267f2e9280f9af5480c096407d28bf57d,jev-latest,0.01,0.99,0.02,0.89,0.96,0.04,0.02
ab-test-001139,0,6a0845832512960f626703a0bf476c63e1bc0ee8d52508695611676fad2938cd,jev-latest,0.02,0.98,0.02,0.94,0.95,0.05,0.03
ab-test-001140,0,f261e7ce735c332336e9d6914159a5e94562a70b930c8b57555a6d4bfd34ef20,jev-latest,0.02,0.99,0.02,0.93,0.71,0.06,0.04
ab-test-001141,0,2db365a2de14aabc751bc0b31500c4449ca4e69c048d28d4d1c242e6fa21d1d0,jev-latest,0.01,0.01,0.02,0.93,0.87,0.05,0.02
ab-test-001142,0,11289120f5f90e81a6c33630312c4ce9c75a011a30ca65a202237e35b4d81ab0,jev-latest,0.02,0.94,0.02,0.87,0.85,0.09,0.04
ab-test-001143,1,fe81cdc4efda731d0ffbe60d4fe7dc49efdabab8a8919d5fffd268d24d80b68e,jev-latest,0.91,0.97,0.92,0.94,0.19,0.09,0.94
ab-test-001144,0,2c7368e97a950336cb8dd1e319333b755ec60b278b1054715d0a782526c55e77,jev-latest,0.01,0.97,0.02,0.03,0.91,0.7,0.01
ab-test-001145,0,5bf170d08b0cea0c0576514746c2e743c3bfff5520c9987740db858209c54fe3,jev-latest,0.02,0.97,0.02,0.3,0.66,0.17,0.02
ab-test-001146,0,87e46b4a80bb5566937e8cc13eac94ef9599c48bd7d9cb6e3c1535b36f81ac95,jev-latest,0.02,0.1,0.02,0.81,0.66,0.09,0.03
ab-test-001147,0,e97830ace562fcc0e078476f55556bd33d9a29c908242b88fd6480b9f9388f61,jev-latest,0.02,0.98,0.02,0.91,0.96,0.06,0.04
ab-test-001148,1,e68f58efd529bc205714f7559c218b04d11252a28664d96eaa1766b0bfa79b76,jev-latest,0.87,0.97,0.97,0.92,0.52,0.14,0.91
ab-test-001149,0,e4e60d704cc148c3488b39b561b474d9940864fda403a5e2f2561307ba7d9f7c,jev-latest,0.02,0.98,0.02,0.75,0.93,0.13,0.03
ab-test-001150,0,95af60004311b74904a1cd808402179c5944d7a5f0b1ec6a9abbf462b3903e2d,jev-latest,0.01,0.02,0.02,0.9,0.8,0.07,0.02
ab-test-001151,0,4b88d6de777f0530e216f1f08e0b401bbc417240c71879b13da98bdc393d816b,jev-latest,0.01,0.01,0.02,0.96,0.96,0.04,0.01
ab-test-001152,0,bb5e1464a7f29ce6bb757115fd754731a8e35cb920ab9eeea5049069e37c9f88,jev-latest,0.01,0.97,0.02,0.53,0.18,0.26,0.02
ab-test-001153,0,ca4acdf4a4542d95d17d2eab90208364295eb78d5d1d16b641bced79903928c8,jev-latest,0.02,0.97,0.03,0.8,0.83,0.19,0.04
ab-test-001154,0,a1684e1c35ef6c4e67efec07f9965185b1933f58fbcbae656d219782ae69f865,jev-latest,0.2,0.97,0.02,0.83,0.6,0.35,0.21
ab-test-001155,0,552e8cf45028f9e76efe00c1bcabbfc64886a52012e7e1fec81817428b195611,jev-latest,0.01,0.99,0.02,0.91,0.96,0.07,0.02
ab-test-001156,1,6965897b664b1daa5867e1ae89f90ddde63358774842bb6b477808d5a5e96b94,jev-latest,0.81,0.94,0.97,0.9,0.26,0.2,0.91
ab-test-001157,0,611b65ab1370a9b03c9d91ea2c3750d9a9ef3b0e4bb5f61d05502b6083f114eb,jev-latest,0.05,0.98,0.02,0.91,0.72,0.07,0.06
ab-test-001158,0,16f629ac5ac3669e9fefd7fa952e05ab5ea1358c2f41938b2f8013aaf7942cb8,jev-latest,0.01,0.02,0.02,0.91,0.91,0.04,0.01
ab-test-001159,0,328494e733924fd37d8ace1547b698671661a87664905fce826d18638ad7f60a,jev-latest,0.05,0.98,0.02,0.87,0.82,0.11,0.1
ab-test-001160,0,b620cec3e410676cc28b39f032498625234bbdfb16611db4769d66a90509f947,jev-latest,0.01,0.98,0.01,0.21,0.76,0.04,0.02
ab-test-001161,0,e88480679916c6bdfbe8c6077690cf6726c6a73d7486221ae4028a4f4f35ad23,jev-latest,0.03,0.98,0.02,0.85,0.59,0.1,0.03
ab-test-001162,0,6fc831a3dc72855ef11824a07344e3264d02eabea8c35510b06217f1f3ffc9de,jev-latest,0.01,0.01,0.01,0.93,0.88,0.06,0.02
ab-test-001163,0,aeaa34c0efb08bc89095f14718a854952dfe572fe9a8eb79340c66cb8d273b9a,jev-latest,0.03,0.98,0.03,0.93,0.85,0.08,0.09
ab-test-001164,0,8ab1ee6c7cbab79d9e70ae9d0c699575cd667f22de146edd03f80a55e3f5c03d,jev-latest,0.01,0.98,0.02,0.93,0.89,0.04,0.02
ab-test-001165,0,72b2d669d7249a31b1987a04719fa01fabd49a85da895f947fa76ec9519aa160,jev-latest,0.02,0.03,0.02,0.86,0.33,0.07,0.03
ab-test-001166,0,17a07b96ea51f5855a58e3cff7cc90837664b8a519c7077c47ced52094e02e36,jev-latest,0.02,0.98,0.03,0.3,0.66,0.8,0.04
ab-test-001167,0,1bbdfcccdb83424fe847e278e4a4e553c827435123ecc7a8b8d1743f7dd2c933,jev-latest,0.02,0.03,0.02,0.58,0.8,0.12,0.02
ab-test-001168,0,d17ffd3fb191de23db25e43fc31b6ced285df2a006085283e11aa33fab90b435,jev-latest,0.01,0.99,0.02,0.8,0.97,0.07,0.01
ab-test-001169,0,5cd85e5eeed878a3931117266b4fb6297ff841fde5e1276b9a05a47c4f9cf1b1,jev-latest,0.03,0.99,0.03,0.93,0.9,0.05,0.06
ab-test-001170,0,aac693db05d0a8f070fc11ffffb1dd0c1210c7feed6f5011181026d516cee0cb,jev-latest,0.76,0.98,0.1,0.96,0.45,0.06,0.84
ab-test-001171,1,0b54df285181e2e5959e0bdd2256c099dec4a76099f78237debfb5be0e4a0f59,jev-latest,0.79,0.84,0.83,0.88,0.26,0.11,0.81
ab-test-001172,1,44d6647710a816c6ccabaa9d46fab023edb693c15f69b0bcd1c2cab9a23d0ebc,jev-latest,0.7,0.98,0.78,0.92,0.8,0.11,0.84
ab-test-001173,0,f0f980860f6f5e000fbf75a75aeb732e088b473f327c264e7d72ee3f0a4a1ff6,jev-latest,0.07,0.94,0.02,0.68,0.59,0.31,0.11
ab-test-001174,1,f48c9220b1165fb00104d9b36e6f4f79262240b8c4f0e4c242ab7416ffdf345f,jev-latest,0.97,0.99,0.97,0.97,0.1,0.05,0.97
ab-test-001175,0,2eb66d8f720cbc381ae79d5f4de7bc848ccef46ae2ae90d69893935cd3b1d333,jev-latest,0.01,0.02,0.02,0.95,0.85,0.04,0.01
ab-test-001176,0,dc2aa9a14d016a2dc78ab86657b29a3dcb2ee3c3d54ba476387979e4a1f4e604,jev-latest,0.01,0.99,0.02,0.93,0.97,0.04,0.02
ab-test-001177,0,41f0bed0fb260c12b62329573b00c78617267b21191efb17c4446929bd43fba5,jev-latest,0.01,0.99,0.02,0.69,0.97,0.04,0.02
ab-test-001178,0,9b6b196f69a5b33d6d6d0ac3799e636d3f22979081545f1cb784ba7aa5732cc3,jev-latest,0.02,0.98,0.02,0.95,0.95,0.06,0.03
ab-test-001179,0,59778ea60420b91a5c8ec290b414bf712ac21ac39aebe350f7099913e071aefb,jev-latest,0.02,0.98,0.02,0.87,0.86,0.05,0.03
ab-test-001180,0,f42fa274bd69b1f615689ac614e3c565eb1f043e8cf6f9799a666a9b099ee4c0,jev-latest,0.02,0.96,0.03,0.15,0.86,0.36,0.03
ab-test-001181,0,cf4b637c8443d48550e0c0a421c2e9bbe7172e746783667e0e1e928ed20e3dd6,jev-latest,0.01,0.98,0.02,0.56,0.96,0.06,0.02
ab-test-001182,0,ef8430296399e08362f365e2acd7b8fda803e353ba91e3fbe7943fe7ab4f2f6a,jev-latest,0.05,0.98,0.02,0.88,0.82,0.08,0.11
ab-test-001183,0,a4986aae7885e76c638df2980124948018689025db8059b781b26ccc13b78e5a,jev-latest,0.01,0.99,0.02,0.93,0.96,0.05,0.02
ab-test-001184,0,9e4581f9270942d737bbff20fb14440990217e76b4705e9c9fb839be2df2d4cb,jev-latest,0.01,0.97,0.03,0.83,0.98,0.11,0.03
ab-test-001185,0,5e39664adaab76ed158d52d885ce836f37f7367fe46bb21c335a374def1ea48e,jev-latest,0.01,0.99,0.02,0.86,0.89,0.06,0.02
ab-test-001186,0,539e84e02542d4b678471d024dad09c0a3cd1a72926401603699ce913bba3482,jev-latest,0.01,0.98,0.02,0.09,0.27,0.52,0.02
ab-test-001187,0,8bded00409b283207d3b366e5cb2493e5ebac75309c37fd12473cf659cc3d9b4,jev-latest,0.02,0.98,0.02,0.85,0.92,0.13,0.04
ab-test-001188,0,27673bae7ffcf4bf4cb5ea2e75c90cd5cf1ccc5991d7ed062c02680982af8759,jev-latest,0.01,0.02,0.02,0.94,0.97,0.05,0.02
ab-test-001189,0,f4f5ecd8f9d6e9c887774b4eac91b48ba40cc4894290bbcda627c504ed9bffc3,jev-latest,0.01,0.99,0.02,0.93,0.96,0.04,0.02
ab-test-001190,0,299eb251216602e653a7c8ceb67381eaa7875fc8a4ee2f23d93c85baec782cee,jev-latest,0.01,0.02,0.01,0.95,0.76,0.06,0.03
ab-test-001191,0,61cfc96871d2372aff4fb94f6f43e89ff377c5b47db1bf6a554ffa01d329ab10,jev-latest,0.01,0.98,0.02,0.61,0.9,0.04,0.01
ab-test-001192,0,059aa1f01b87cb9eab8248883696a905044545015959a7334f9c6443810db5f8,jev-latest,0.01,0.98,0.02,0.02,0.9,0.03,0.01
ab-test-001193,0,2485b24406bda80d0fe7993ea2d2abba35a8a32b9c29c11b2dbc8cc6601ddb12,jev-latest,0.01,0.97,0.02,0.04,0.93,0.85,0.01
ab-test-001194,0,71da6040ea8cce9a5759648a06c0fb8091356513e83c6d40cde42b3411f37e6e,jev-latest,0.01,0.98,0.01,0.67,0.97,0.09,0.02
ab-test-001195,0,adda9b0c005815e270b5b2ebd26371ca39654ec1c1d7550f0f2e853e0330538a,jev-latest,0.01,0.98,0.02,0.06,0.69,0.27,0.01
ab-test-001196,0,cdf694fb61bac562d3a38fdf59c092a52001784b4394d8f16bf418d7fcc785e3,jev-latest,0.04,0.99,0.03,0.94,0.95,0.16,0.08
ab-test-001197,0,81ce372a26c5762c713786ce0bbff2a8397cae5afee34a31fb3402595e3a6d73,jev-latest,0.01,0.98,0.02,0.15,0.7,0.57,0.03
ab-test-001198,0,f0eec6fc6e55bc836ad90fa6a7b4f47a103d869d39c902adc35b0b00c8404860,jev-latest,0.01,0.98,0.01,0.49,0.83,0.06,0.01
ab-test-001199,0,254b7d8f4f7c33c1de9cd8403688c74d9c56ca9710fcbcae9ce2ff2a1a052ecb,jev-latest,0.04,0.96,0.02,0.61,0.78,0.17,0.05
ab-test-001200,0,c46e2703479c345f82effb93f37326c3462d74b8b0e2c8163e5c6b40978fa05e,jev-latest,0.01,0.98,0.02,0.39,0.94,0.11,0.02
ab-test-001201,1,ec29389c53ef3cba76d9397047d52736aa0db451be24da0f7f2dfdc3ca6122de,jev-latest,0.78,0.36,0.98,0.94,0.3,0.2,0.89
ab-test-001202,0,ef8a82a6fe155546987f153302094b22e507f36f816271dc41bee96c7b61f216,jev-latest,0.02,0.97,0.03,0.81,0.97,0.12,0.04
ab-test-001203,0,a1f18d8d4fe67cca9ddf63de2c7604bd3355a2a92b6145a88bd3dd4aa868ec52,jev-latest,0.01,0.99,0.02,0.79,0.95,0.04,0.01
ab-test-001204,0,7b4cf9c5f9d7902672dfd807e7154dd4f28127ada17ce6ac7e96a06aa29ddd65,jev-latest,0.01,0.02,0.02,0.96,0.86,0.03,0.01
ab-test-001205,0,6ed27e6aa3bf3538f6e4ee91d10151411c0e83e3550ba89225638910510aaa1f,jev-latest,0.01,0.98,0.02,0.91,0.96,0.05,0.02
ab-test-001206,0,bf30b33ea800cb5d168a270246afc3ffea0be9f4c72d5c8f2d003a4c67a181de,jev-latest,0.02,0.98,0.02,0.89,0.94,0.06,0.04
ab-test-001207,1,b87d08a77ae6b011cef47521a4dae4118742ab700be45884f807b4e099f74562,jev-latest,0.97,0.99,0.98,0.97,0.1,0.05,0.95
ab-test-001208,0,cb5ed4daa78e2a31049bfb5fc2d9a98ff402dba74b20b2b6f4229a0558905953,jev-latest,0.05,0.96,0.02,0.34,0.81,0.16,0.05
ab-test-001209,1,d51ef0be5f60fcdc1029ff6166bc74b5b490b495a4f1589f09df4073a8588fdc,jev-latest,0.87,0.98,0.97,0.95,0.29,0.1,0.91
ab-test-001210,0,a83855f04424899dd9f8cd876890f7550ba1b9e456864c9f3730080bc706c3e3,jev-latest,0.01,0.96,0.03,0.83,0.98,0.14,0.03
ab-test-001211,0,64b523a854d20052bf08c9bc791d96d78520bf16d1d5ed8d581446abf96a8fa2,jev-latest,0.01,0.02,0.02,0.95,0.96,0.04,0.01
ab-test-001212,0,8e7507fc1d8550023cffab8dbef2921fada05a0c5dcc95a842ce101153cd977d,jev-latest,0.01,0.96,0.03,0.84,0.98,0.14,0.03
ab-test-001213,0,b3f534a493f35a72420bc13de88242479c9a51acd38ad103d5f0c30e261c9b30,jev-latest,0.04,0.96,0.12,0.85,0.93,0.09,0.12
ab-test-001214,0,01094b8cfd716f8131020719b685b6ec9be52d50a1e554463461b4bdefa80298,jev-latest,0.01,0.98,0.02,0.62,0.95,0.05,0.01
ab-test-001215,0,9f2f82dcc4ae223ee6358d6304ef99cdb359e1964702a4c59b1b05d83060086f,jev-latest,0.01,0.83,0.02,0.04,0.81,0.84,0.01
ab-test-001216,0,595c919f67e898c8dd8551e054462f292f836ad0fb5bcc728b6d7ebd37ea3cf3,jev-latest,0.01,0.02,0.02,0.93,0.97,0.05,0.02
ab-test-001217,0,f447463a0ff683da34b260b3fe899b4bc0d14a51f8cfc126e9d6644f2ae5c1cc,jev-latest,0.01,0.99,0.02,0.13,0.89,0.04,0.02
ab-test-001218,0,a8f9414b88d947854cd723f3942735150a7991c22075201adb3124f50864097c,jev-latest,0.78,0.98,0.1,0.96,0.46,0.08,0.82
ab-test-001219,0,70bd347a8366328cc856e8de9d764bc6dbc924432f029f5bd2fc1cb428ca77d2,jev-latest,0.09,0.99,0.94,0.93,0.95,0.1,0.35
ab-test-001220,0,0540976fd4505697f3c0a729e7bd66e432f7795144d86492d72ac4842476879e,jev-latest,0.02,0.99,0.03,0.92,0.91,0.05,0.04
ab-test-001221,0,aede7ecb8333f8100795c97b47f40de28f3ca293eaf00b17f4a59c2f37eedb67,jev-latest,0.03,0.98,0.02,0.92,0.6,0.1,0.04
ab-test-001222,0,c845cd71a5757f38d035c547d02c60ee24a89ebb152f98bbf3bf3657fd2c33df,jev-latest,0.03,0.99,0.02,0.94,0.7,0.05,0.05
ab-test-001223,0,6ab001197334cd590450acbead7acfaa532f7b18c1329cc222ddaa4bc5e1da94,jev-latest,0.01,0.98,0.02,0.16,0.85,0.07,0.01
ab-test-001224,0,0ff30bdc674ae6b4130ac4ba5a4d6c67beea66379cd397ca4e96eef74aa1a091,jev-latest,0.04,0.95,0.03,0.78,0.9,0.18,0.13
ab-test-001225,0,5be4a14b717a525c48a3e2dd06e1f1c6bc91dfd36db7c8daa61bc1c6e12b9c05,jev-latest,0.08,0.98,0.09,0.9,0.92,0.07,0.27
ab-test-001226,0,148032e5f492dfec18c395becbff9308a410432a8d572ba58e0192e0954f08fd,jev-latest,0.01,0.99,0.02,0.92,0.97,0.04,0.01
ab-test-001227,0,d477a7a7fa543a2775462d9783d5cd12ca63797e350a24239a8808a3b26b004b,jev-latest,0.01,0.02,0.02,0.86,0.83,0.06,0.01
ab-test-001228,1,7d798d3923a741cb6575d8c621a72129a40117c2cddac611bf42184878a17fd5,jev-latest,0.81,0.97,0.95,0.94,0.41,0.14,0.9
ab-test-001229,0,0a2ab1acf02dcfca5db1bddc5b37e1d72216138ae656664cce1aa3144ae92c10,jev-latest,0.01,0.01,0.02,0.93,0.86,0.03,0.01
ab-test-001230,0,cb5231b1ce9515962ce6f451c90ce1fc28f38f0505e1602e600dcd3438a272c3,jev-latest,0.02,0.02,0.02,0.75,0.92,0.12,0.03
ab-test-001231,0,eec1d382a8a6742616ede534e7cfd55f4713de344d7576c54ba063b6807a30c6,jev-latest,0.01,0.98,0.02,0.06,0.62,0.83,0.01
ab-test-001232,0,2444e78f8e8e4bb319843d3941c88717b58142c21705687fdffcfb8525e6a494,jev-latest,0.01,0.99,0.02,0.93,0.97,0.04,0.01
ab-test-001233,0,2cb797e811c6957d3f2f0e8b81e5dab5289b934b281aa5896f426369ccb039b2,jev-latest,0.03,0.99,0.03,0.94,0.96,0.05,0.1
ab-test-001234,0,7375cffdafb39c3abed3b7dcccb2c2f0de97a386502bc5733f8ab90af57ddfc1,jev-latest,0.03,0.02,0.02,0.92,0.8,0.08,0.06
ab-test-001235,0,5a99165ff24d9466c9d9035e02b4e5399bb389f8ee35d77054b61711af8b4d00,jev-latest,0.02,0.97,0.02,0.9,0.92,0.12,0.05
ab-test-001236,0,041d46a7cd4610abb27499d792a468b211602d5fc4ec3fce17707f586540c208,jev-latest,0.01,0.01,0.02,0.94,0.68,0.04,0.02
ab-test-001237,0,716205f52f804bebb0f5580ef2ec0827417e5d7435afda5a4d574ad7fbfb418f,jev-latest,0.01,0.97,0.02,0.06,0.89,0.56,0.01
ab-test-001238,0,b1713e1e67133bbfe0a88012cd155e382b7bd4b58702b8fb72b13a1c9c7d0c7e,jev-latest,0.01,0.97,0.02,0.18,0.94,0.19,0.02
ab-test-001239,0,adb20be9d1842db955889b1251ebbab40cf0c4a0613a893f8d2059fbbaf3c188,jev-latest,0.01,0.99,0.02,0.93,0.96,0.04,0.02
ab-test-001240,0,2a0baa28ff158eb7bd58a4886f36d13f3a679b16bd09bce7ed3e2b5c8f24084b,jev-latest,0.08,0.98,0.02,0.87,0.82,0.16,0.11
ab-test-001241,0,26456662b37912831efc492e123914ab704e0be5b547e36e1750a04c7a483338,jev-latest,0.02,0.97,0.02,0.75,0.7,0.09,0.03
ab-test-001242,0,7e06cd1b23a1fadf779305b4a545616946efc4fd5655c2e0a9d24768243b2edb,jev-latest,0.01,0.97,0.01,0.07,0.81,0.13,0.01
ab-test-001243,0,2361e07d2ee0025fe2bea42dcf8316bf8c968a3bbd6262b708d637353fd934f9,jev-latest,0.09,0.97,0.07,0.9,0.92,0.08,0.18
ab-test-001244,0,31ab2cac917ee2b37926c8841d88e98a047142d3979263cb95d5312051b0d778,jev-latest,0.01,0.98,0.01,0.3,0.92,0.06,0.02
ab-test-001245,0,6d6faa771493ba876877ce071d8653b7da66d9a40354373445e036bb3a49d849,jev-latest,0.06,0.97,0.02,0.86,0.85,0.21,0.11
ab-test-001246,0,9d572bc5e2e7e5e6722ab8ce57795c9d34ed10b30ecdb8d27cdeb264b15f48c5,jev-latest,0.03,0.98,0.02,0.92,0.81,0.07,0.06
ab-test-001247,0,35b60a50545c0140bbd9d2fc2d0797615e0101176b14e7f7100a49220041e143,jev-latest,0.03,0.99,0.03,0.96,0.96,0.04,0.1
ab-test-001248,0,2a8aaf0f6b6713148d92ab038627ee38e809c60116be9e2c4ddcceba112c9623,jev-latest,0.02,0.99,0.02,0.95,0.91,0.05,0.04
ab-test-001249,1,c0d7aacaf6a8bb46a12af55ae9bab53570a6298cd97ea700c28ac6f2fce8e9c7,jev-latest,0.73,0.97,0.07,0.94,0.38,0.08,0.81
ab-test-001250,0,ace7a2223bee5f60a19246930a9d1d6fb499493dbabd388ff9d729326aa0dab0,jev-latest,0.05,0.98,0.02,0.74,0.61,0.43,0.07
ab-test-001251,0,917f9cb7ea8a74aa52fd9142d91e74f428fabc25ed30ed1c21fc032ae2c4bdbe,jev-latest,0.02,0.98,0.02,0.91,0.95,0.06,0.02
ab-test-001252,0,7d64a6962254b6ac2b3df8116a78e89cba2db4a0f67f0dca3648a51b314f45d2,jev-latest,0.03,0.98,0.03,0.67,0.92,0.26,0.07
ab-test-001253,0,cce916828fd9906a88e740f4a9e10080ce6d0be1fc3f3d349899bc4d605a9ec3,jev-latest,0.02,0.99,0.02,0.76,0.94,0.08,0.04
ab-test-001254,0,6bc5411fc5617c0515cedfb50116e76ffbedc3d7df3b8990c397edf53f2536e6,jev-latest,0.01,0.97,0.02,0.32,0.85,0.13,0.02
ab-test-001255,0,0b5fc8afca84e530d9cec199dab22e3d32f8d548bc650b86c5f6389514bc359d,jev-latest,0.02,0.98,0.02,0.57,0.42,0.26,0.03
ab-test-001256,0,0a053e6f6ceefc0e57da1b38da2d257fe126e63e594706fb7eceadb32dbe6a2f,jev-latest,0.02,0.99,0.02,0.94,0.96,0.04,0.02
ab-test-001257,0,a2569eb673d138e7386c4bac2628378b5c99c1d2fa7af744c6a42d337215f11f,jev-latest,0.02,0.98,0.02,0.81,0.81,0.16,0.04
ab-test-001258,0,d0582100fbe72e85faa6a72d5bfeecbe1bcb57aac92504edfe0e9e722f865180,jev-latest,0.01,0.98,0.02,0.03,0.75,0.62,0.01
ab-test-001259,0,eee44fb0bd390a2a7de1c48003c48ffa8ae25fc8f825c491baf7d81dc3e13fac,jev-latest,0.01,0.97,0.01,0.03,0.92,0.1,0.01
ab-test-001260,0,0d3e8c837c7f95aaf04de8d6659b0da901fd8df55344d442464317b9b676b4f9,jev-latest,0.01,0.99,0.02,0.94,0.98,0.04,0.03
ab-test-001261,1,f3b7a1880abe8046712da31392284666767111f00e65ab028569d8a2ee6e02aa,jev-latest,0.84,0.98,0.97,0.86,0.24,0.11,0.89
ab-test-001262,0,8178efd47295dd26c705d1a3013741110247e2dd7bc5d309dfdd0082f693a386,jev-latest,0.03,0.98,0.02,0.69,0.82,0.2,0.04
ab-test-001263,0,68f5e7dfe22e4028bbd7baece68ce031e0f2abd4ee02ff0f32c9d093d2d2d59d,jev-latest,0.03,0.96,0.1,0.88,0.94,0.1,0.11
ab-test-001264,0,649482492464b7419d6c19bb4bcc4d8550d9403ee8883ad67f9090109149ab79,jev-latest,0.03,0.98,0.02,0.92,0.95,0.13,0.18
ab-test-001265,0,8e02a73191e678267d93c5338217d902175f35652860ea76ed7a0315c0499dbd,jev-latest,0.01,0.99,0.02,0.95,0.95,0.04,0.02
ab-test-001266,0,fe570d7d466e3bca461d4e534113667de2bae1dbb638ab3490970c17da18656b,jev-latest,0.04,0.03,0.02,0.84,0.47,0.19,0.05
ab-test-001267,1,7a9a0066a9109362b5578c90903225d6ba137f3fc8de0e3b12ef027e83cc7c6d,jev-latest,0.94,0.98,0.98,0.97,0.19,0.08,0.94
ab-test-001268,0,aacbd5fb9037573d9c0083d0d5c0416973ac5a4f9c232972d0140aab9e46c00b,jev-latest,0.01,0.98,0.02,0.02,0.87,0.05,0.01
ab-test-001269,0,86ebf3825310d152a4b91dcbe5d2046f38da1d080f63c7f48a0782c4adaa1eff,jev-latest,0.02,0.97,0.06,0.23,0.52,0.45,0.04
ab-test-001270,1,f6d977c4c443971085e77bee9687d0168704b6a4c7e682d7358ffbe21e8b9394,jev-latest,0.79,0.99,0.91,0.97,0.69,0.06,0.93
ab-test-001271,0,8b3b6d5a3c6f05a3020e5be04435284e63bef78a8b8f62137ade8b22b835a2c2,jev-latest,0.01,0.94,0.02,0.37,0.9,0.21,0.03
ab-test-001272,1,ca41fa3f2746dbe616fb78ec3a465430cee932bbb0341d37e975e06e615c9002,jev-latest,0.97,0.99,0.91,0.98,0.08,0.04,0.97
ab-test-001273,0,809b8dce77ecc008c2d0f4e5c1ea82bba50b842eed53336ce3d898b565ed18cf,jev-latest,0.01,0.98,0.02,0.27,0.97,0.07,0.01
ab-test-001274,0,e5cb2063392df9e5e36f5488288de14a26d88900bfb09621d66e934e3edaaf46,jev-latest,0.02,0.98,0.02,0.9,0.77,0.06,0.03
ab-test-001275,0,4ec5af5d7ab57e4e0d2955858ac961e4b79862193db080147954b4860fede96f,jev-latest,0.01,0.99,0.02,0.9,0.97,0.04,0.01
ab-test-001276,0,debdea6b239a50cf4c8a4aefb4e79c0bd85dc47dc149adfa70ae92132c77359c,jev-latest,0.01,0.98,0.02,0.92,0.96,0.05,0.03
ab-test-001277,0,f22d08e1119cb52818d9c2914a513fd24c7968699aa4061d97086a7252793822,jev-latest,0.01,0.98,0.02,0.02,0.82,0.05,0.01
ab-test-001278,0,90649da57f8847e407952561cec44d8e372a3899a76511aaca4593129ec3cad9,jev-latest,0.01,0.98,0.02,0.55,0.93,0.07,0.03
ab-test-001279,0,889298876ff9930eb94a14e5b6bf0ec0305022bacd9741a2e4a3a80c081e7102,jev-latest,0.01,0.69,0.02,0.12,0.85,0.43,0.03
ab-test-001280,0,6cc90817948ff11c615f114c174f65b94e0557021fa7eec9704be7f3c83e9c8d,jev-latest,0.01,0.01,0.02,0.04,0.79,0.18,0.01
ab-test-001281,0,d9706ad52efab19debb86f1d8c595d8e0c12ceea394d94279c122bbf06ffea6e,jev-latest,0.02,0.95,0.02,0.61,0.78,0.35,0.04
ab-test-001282,0,88acd90436f192a6cf5f96daee718ded3cdcfbb7b315e25326cc60a66fbfe17b,jev-latest,0.01,0.97,0.02,0.04,0.91,0.79,0.01
ab-test-001283,0,a693a54709490a2d8706a642572c28d310886814d87559a8d247b316fe4938f5,jev-latest,0.01,0.99,0.02,0.93,0.97,0.04,0.01
ab-test-001284,0,83d3a9b443f5784dad469b2fd5e5f4a55316604b714b1c5f5ee53e108b78a06a,jev-latest,0.01,0.02,0.02,0.88,0.52,0.08,0.02
ab-test-001285,0,c5d85fdd3ebe037295740c1fdd8c6c5d4670fabf941095d3d4f4dd98fcbabd32,jev-latest,0.01,0.02,0.02,0.94,0.85,0.03,0.01
ab-test-001286,0,7bd5b7ef399c688d794b82ba2837682560dba879c0a68d4e22eb7192aa4a2415,jev-latest,0.01,0.98,0.02,0.94,0.97,0.04,0.02
ab-test-001287,0,d471a938cdb0edface824ad7b212369064cd1cd6d74111b076a1eeaef5719445,jev-latest,0.01,0.94,0.02,0.31,0.86,0.23,0.02
ab-test-001288,0,82d24a44ea458d677969f922ebdae43e8cf5ff50cf750176f144dded57652bac,jev-latest,0.19,0.97,0.03,0.88,0.35,0.31,0.31
ab-test-001289,1,992e692c124724dec1c89828bda68eaf65999b1b70669eaff967aaa45c4631fd,jev-latest,0.67,0.97,0.53,0.92,0.47,0.21,0.8
ab-test-001290,0,036c0f4a170a3f7aaa7217119240720835c7a22bf942bbce1107400d20fc664d,jev-latest,0.01,0.02,0.01,0.76,0.76,0.09,0.01
ab-test-001291,0,dff287fc64f62c5bf5649b6fb842bb01cc4069dc65d705408dc6dc800eb1b20d,jev-latest,0.01,0.98,0.02,0.6,0.96,0.04,0.02
ab-test-001292,0,77c25b73c70db184f5b1557c846abbb772c7db3f98dc10e02514b274f3a1d8d7,jev-latest,0.01,0.96,0.03,0.85,0.98,0.13,0.03
ab-test-001293,1,e09c4c00dadd522c168d98bb9ff6df97e8eba02b694ad1b20184aedca69fca5d,jev-latest,0.86,0.98,0.98,0.95,0.57,0.12,0.91
ab-test-001294,0,aadab2d23db2bff0189d1cce838c33ec5510abe3e182895e9d11e1e5ad88c96c,jev-latest,0.04,0.98,0.02,0.9,0.67,0.09,0.07
ab-test-001295,0,cc50624eba63c88ede25bf368cebd909e3313f0d7b35007d2467791e97b435ae,jev-latest,0.01,0.98,0.02,0.76,0.92,0.11,0.03
ab-test-001296,0,e386b102716aa640c4ef2c5c9352c3f3c46ccae36a0852286d864681000a720c,jev-latest,0.02,0.99,0.02,0.93,0.92,0.05,0.04
ab-test-001297,0,1e75772202d57a84f0b450fb9d28e8752a374fe667f53e3f0cb42328f7ab262f,jev-latest,0.01,0.98,0.02,0.18,0.94,0.13,0.01
ab-test-001298,0,3af4dc9af528f662453c9ba928cc7bb7fba183524fc9ab9ea0f969148f98bb7f,jev-latest,0.01,0.98,0.01,0.13,0.95,0.05,0.01
ab-test-001299,0,867fdcaf9c4f5c66d5fea78c213c2fd72e47e25850dba643297d919504d091c7,jev-latest,0.02,0.99,0.02,0.93,0.82,0.04,0.03
ab-test-001300,0,d5e2fb69be96abafea14febd1cc81698924151a8c5a6c9ed449043ecc209b4fa,jev-latest,0.01,0.99,0.02,0.93,0.96,0.03,0.02
ab-test-001301,0,30db6cb415d1a4e40364c786001873f4135f72e84e0558ffdb2afa06b1b70e1a,jev-latest,0.02,0.99,0.02,0.95,0.96,0.04,0.09
ab-test-001302,0,16e4aa5d6e100d47e8bde33c8247196f3a722267cd879a8aec4f26eb752988c9,jev-latest,0.01,0.02,0.02,0.95,0.82,0.03,0.02
ab-test-001303,0,9a2a58edaf7b62ba45970d66d0b812183edafb5b0e38655ffc11ccccd23d59aa,jev-latest,0.01,0.98,0.02,0.12,0.71,0.12,0.02
ab-test-001304,0,47c8042b841859ef829263d3396f0851b59b665b23f69bc0256729277ad34de2,jev-latest,0.01,0.02,0.02,0.94,0.94,0.05,0.02
ab-test-001305,0,18d21fbc98280f7ebab2a61d0b3d87a627e01e10f6bef7f6015ca7e60567cb37,jev-latest,0.02,0.99,0.02,0.92,0.93,0.04,0.03
ab-test-001306,0,440433cf63af403d7088d0d0939c532e003c26f1113195567d00578a97e97a06,jev-latest,0.01,0.98,0.03,0.09,0.94,0.72,0.02
ab-test-001307,0,732ab1b39fd9cb80cd8a4509444954fbf4a4e2ce957cafd1115fd92e1948b617,jev-latest,0.01,0.97,0.01,0.02,0.61,0.04,0.01
ab-test-001308,0,44d3e34e9424910d977202852e5aa6c938b588ba899a029a3abe2f1f882b5246,jev-latest,0.01,0.98,0.02,0.1,0.75,0.29,0.02
ab-test-001309,0,0d15c202fc9474557a9104a5061fca158fb52753d3b7f9c3359cbda59145c021,jev-latest,0.03,0.99,0.03,0.93,0.96,0.05,0.08
ab-test-001310,0,080f8dc5b9f7c73efc0fe688a57ec64de36402228b487eb73c694685a4bbd67f,jev-latest,0.03,0.98,0.03,0.69,0.89,0.23,0.06
ab-test-001311,0,e1617c4b73d268c5cc7c01b0113a5cbf39279c96a1c833313d014219068f45f2,jev-latest,0.01,0.98,0.02,0.92,0.97,0.05,0.02
ab-test-001312,0,83db97c0a0dcf8bbab56c7d569a763323bedc94e6d16ae93526f46640148a420,jev-latest,0.02,0.02,0.02,0.77,0.92,0.13,0.03
ab-test-001313,0,495e7ab9162559b7736524fc71bc1524e14dc39055a533fc0f96880ac4c80b93,jev-latest,0.11,0.97,0.13,0.46,0.77,0.83,0.16
ab-test-001314,0,a3e2e54240358f4e1d8f1bfbe74d110015eae4b35c0a840e1ac491f8cf592ec1,jev-latest,0.02,0.99,0.02,0.94,0.95,0.04,0.17
ab-test-001315,0,06b5e0d9b15ba9824fa9b572cfe7506152b20c915160319d32226c42e5e55d81,jev-latest,0.68,0.98,0.14,0.95,0.32,0.07,0.77
ab-test-001316,0,b123cf50a2236574faef9e3aed822353e0fa7e325767ddedd16d2f144d342243,jev-latest,0.03,0.98,0.04,0.64,0.94,0.38,0.06
ab-test-001317,0,8d608362c6aa0311b987b8e4b11e7e455d8d55ec84a15ed5b1d4c858991b5881,jev-latest,0.03,0.97,0.38,0.22,0.86,0.51,0.07
ab-test-001318,0,05f05aff18347359d2034eec412d2d2f273e402686bb96e0a1fb079aa503b4d2,jev-latest,0.02,0.98,0.02,0.2,0.57,0.18,0.03
ab-test-001319,0,e398af3d906c466754412cb8470cfb02aa85b6ca8c1022b8ba0bf675becccdee,jev-latest,0.01,0.98,0.02,0.53,0.96,0.06,0.02
ab-test-001320,1,5bb83c37de9ce69131ddb6b0ec50b08ffe5b90e2b8fda61f23dd9fe4b59df0de,jev-latest,0.92,0.98,0.98,0.97,0.3,0.06,0.95
ab-test-001321,0,c7c279bf2193fab0152c910e42729b03ccfbe9ef0a8ca5d6168d8b12ddcfc40f,jev-latest,0.01,0.96,0.03,0.05,0.82,0.91,0.01
ab-test-001322,0,b5fdec5e8ef9e361b1ef1628fcd3a8bc4a8676ca79773f2cff4272315ed48704,jev-latest,0.01,0.01,0.02,0.91,0.86,0.04,0.01
ab-test-001323,0,70e3e015ddda23cd88f2ce5f58494728c2fb1d83e9d4c30bb7fd64b4b0fe1e9a,jev-latest,0.03,0.98,0.02,0.91,0.62,0.09,0.05
ab-test-001324,1,3b046e6b6cf6810231991a4928492ba67d9e67f9c8e6084bb49f04bd3297783e,jev-latest,0.42,0.97,0.87,0.77,0.75,0.28,0.75
ab-test-001325,0,7b170d74d9df5dfc831a6e7a84479764b79522d0f28350613e1f6049aa465598,jev-latest,0.02,0.98,0.05,0.48,0.95,0.04,0.05
ab-test-001326,0,7c886e34d87fe88ca0cc942564803726c35a9c5ba3672f504a0f8a52ca61b969,jev-latest,0.02,0.98,0.02,0.25,0.92,0.62,0.03
ab-test-001327,0,9e3d6e0a0ad8bb04b1d4b740210118001b14228d384b643cb21749afbc867634,jev-latest,0.02,0.98,0.02,0.86,0.92,0.12,0.04
ab-test-001328,0,07a48924da8bdec2df5a63f768153d208a2740536d276d8a13854b6974f74fad,jev-latest,0.01,0.97,0.03,0.86,0.98,0.09,0.03
ab-test-001329,0,5f6aa323ddfb1041c3e36e18309dc5508c3ba377453d19b6ae9f8ce16304ccc6,jev-latest,0.02,0.94,0.03,0.63,0.96,0.11,0.05
ab-test-001330,0,3f9527ef52161537b855ee2f2abc320fa28a8dccaec374d8289984bb040b27c7,jev-latest,0.01,0.02,0.02,0.86,0.88,0.04,0.01
ab-test-001331,0,a16050a9e64178fe2b84c6d7d8d56edc5a8b93ccf6c54a8e6ae0acfcc4e50f15,jev-latest,0.09,0.97,0.02,0.78,0.51,0.37,0.14
ab-test-001332,1,500032190c1dc6a7c29bf774d7a312333a970ebfa0d2e3c2d6f5315d9dd009f9,jev-latest,0.81,0.97,0.16,0.92,0.19,0.1,0.86
ab-test-001333,0,bcdf45048de36abaa4df52c735cdf7b8852a06f00372387b80483ea79a710eb4,jev-latest,0.01,0.98,0.02,0.23,0.77,0.39,0.03
ab-test-001334,0,ff4fbe424853b1cc520381b0d9d78fd5852c39c4374fd45578551c9cc2c90a72,jev-latest,0.01,0.99,0.02,0.94,0.95,0.04,0.02
ab-test-001335,0,f4150ccd517a0c8240d447e4ac818bbfe4035cd734747c51617fdc21dc99aeeb,jev-latest,0.78,0.98,0.1,0.96,0.18,0.07,0.82
ab-test-001336,0,756a1212f6d7cc9bfa68eea843864fe94b4dd7dcf193ba461a2428a0422fe90c,jev-latest,0.03,0.98,0.02,0.72,0.5,0.12,0.05
ab-test-001337,0,e5076979aaa51f0f40b3740b9b16e9a8bc7c6df8e2b22ec10f92ecb44ee3a1c0,jev-latest,0.1,0.97,0.04,0.4,0.63,0.67,0.22
ab-test-001338,0,d06132b58d8234d1863535b5acf1ac2d2cafc55b093b289e72371d2479fc8a34,jev-latest,0.01,0.97,0.03,0.85,0.98,0.11,0.03
ab-test-001339,0,a61c001e7696e63db6744409c6dada6a44b5d60ff205e9d5cb266adfaf296f94,jev-latest,0.01,0.99,0.02,0.94,0.96,0.04,0.02
ab-test-001340,0,111096355d465efae0a5135f46dd8bc56b11de62ecb294088f5909256c62c470,jev-latest,0.01,0.99,0.02,0.92,0.96,0.04,0.02
ab-test-001341,1,7b69adb3286ce1c5e4594992ec0d996ed59950bb62bb3ae7f38ffdfec3ce560d,jev-latest,0.92,0.98,0.98,0.94,0.2,0.12,0.95
ab-test-001342,0,a37e11ea6cc06ced9d775a9876129d8a3ca6bc24d33bfa0d58090cc209a86bb2,jev-latest,0.01,0.99,0.03,0.55,0.97,0.05,0.03
ab-test-001343,0,63308e09418a161b076ff3e275f50bc880b3d5c603c82eace5aedcf2fee0704d,jev-latest,0.03,0.99,0.03,0.93,0.96,0.06,0.04
ab-test-001344,0,efbe1fb7b8fc0f4b13666603b2d301c2d14f99d52d6f9e68f0010d26eb2deb05,jev-latest,0.01,0.02,0.02,0.93,0.89,0.03,0.01
ab-test-001345,0,34da0e80ea28175b2c76aa97d0869d551ad089b24faacbc6bf85d5efb6613cc2,jev-latest,0.02,0.98,0.02,0.84,0.96,0.14,0.03
ab-test-001346,0,234deff1b882bfa3f2e03bb7e849f17ed268c824e611deb7502db3d8fde72a82,jev-latest,0.02,0.98,0.02,0.9,0.9,0.14,0.04
ab-test-001347,0,ff3305c8939be05970e44800a9c9eb3fbefa8e4148e698c2f531db09471517a2,jev-latest,0.01,0.97,0.05,0.06,0.9,0.92,0.02
ab-test-001348,0,0ad05d8408c55a57fdc85d743f651500143d7a5eadea30caeb32f09550a054f5,jev-latest,0.01,0.99,0.02,0.67,0.93,0.21,0.02
ab-test-001349,0,20529b347c4eb57a3f46d9060a79109260fe2028bff2f24a98b0c986ac138beb,jev-latest,0.02,0.98,0.02,0.83,0.78,0.06,0.02
ab-test-001350,0,2b15c6318538f8062f97850e48251a1b242f2a4ec44cc1031b933adb7fc98316,jev-latest,0.01,0.98,0.02,0.13,0.8,0.12,0.01
ab-test-001351,0,72ed2cb1845b75b019439d4303561f037ee8b879ab978c400239a2e2af0cd7c3,jev-latest,0.01,0.98,0.03,0.63,0.97,0.19,0.01
ab-test-001352,0,c6e0f8368c5960f835ebd3d3ca7c0d688229858c0241bf60911e39a2de18dee3,jev-latest,0.03,0.93,0.05,0.87,0.95,0.1,0.09
ab-test-001353,0,445429d5bffccb8361b61259b0343b376bae30f65ddddb4e6803c7ebe7aa1a39,jev-latest,0.16,0.98,0.76,0.91,0.91,0.1,0.52
ab-test-001354,0,c61f38c35fe9edd5f6ab890e0b4d8e16f65b08d237124fe0244c4bceaea3105c,jev-latest,0.01,0.02,0.02,0.05,0.84,0.24,0.01
ab-test-001355,0,905358378d56bdbd5bb6547fe0c4139bdd43683691e0247b331fb1594c8e360c,jev-latest,0.01,0.99,0.02,0.88,0.96,0.04,0.02
ab-test-001356,0,a18a721ba3a7f84be0d602d49782d7fdb9aab3f8faf026d68cac125ca4b29e6c,jev-latest,0.01,0.01,0.02,0.92,0.88,0.04,0.01
ab-test-001357,0,6d65a53f140f1f616e3520137d02a271095f5c733e585faec1ec8074ddeb6a25,jev-latest,0.05,0.97,0.03,0.83,0.81,0.24,0.11
ab-test-001358,0,eb7fce6ac802a8d03ae54e103aeb49251bd236b0f437052166c86bf391445669,jev-latest,0.01,0.02,0.02,0.9,0.74,0.07,0.01
ab-test-001359,0,26faa40367ecc91729184ecb6bc5906395f21a0b27c8d036af06fe626ea35ee6,jev-latest,0.01,0.99,0.02,0.93,0.98,0.04,0.02
ab-test-001360,0,6cf77b50dd451cef763e5acbf918ae09914f9e74a22864c56f5ccd2f09d97bb7,jev-latest,0.01,0.02,0.02,0.87,0.89,0.05,0.01
ab-test-001361,0,f9565c60e46e1252b4659b942fee17ca19215e600d3b7b0972e79c7cf22a2225,jev-latest,0.01,0.98,0.02,0.02,0.82,0.03,0.01
ab-test-001362,0,61d8a7299bae2d5601775f3c0daae168e6e5dff2933ad38d415d37bc0ceafc14,jev-latest,0.01,0.98,0.02,0.85,0.69,0.08,0.02
ab-test-001363,0,b665df3beb8f3579c4407343898572586eb9791d704b6e49d4492c21e6e3b365,jev-latest,0.02,0.99,0.02,0.95,0.96,0.04,0.11
ab-test-001364,0,0a8120884047877c79b8045b15a55991de1e3ebe653be6f590a19f2460b44702,jev-latest,0.01,0.98,0.02,0.79,0.94,0.05,0.01
ab-test-001365,0,249878d53dead34664ed5728ea7cabfa0b55f07bd02a6b8ebc7d29b224599183,jev-latest,0.01,0.97,0.02,0.76,0.5,0.27,0.03
ab-test-001366,0,a47ae28268a8864e9ac7d33c6f9d8a9d282a7b5fd422d69c14047e92e3ad37cc,jev-latest,0.02,0.98,0.15,0.85,0.95,0.14,0.04
ab-test-001367,0,a8b91c3592794b44387f746ddb04361b74a5288f4384a707ecf5f01af5bb1ce8,jev-latest,0.02,0.99,0.03,0.91,0.97,0.05,0.05
ab-test-001368,0,8b28ff2fc9afa9620b88edc6f0cea7ec567857f8400b22431ad8f601d7e82925,jev-latest,0.01,0.99,0.02,0.92,0.97,0.04,0.01
ab-test-001369,0,88654b81d428cd5863e809c9e2217b70fc986b569eafc354b3d85e51e8704c8e,jev-latest,0.02,0.98,0.02,0.75,0.69,0.15,0.04
ab-test-001370,0,cfef6303397088bc5125df4525853da2d0e7032dbf1bd47b924e8bd281e04726,jev-latest,0.02,0.03,0.02,0.85,0.51,0.09,0.03
ab-test-001371,0,19bc3ecde693e43bd10a22c7dd585ac6da6ed31a83c7e7e16fa19e217979602b,jev-latest,0.01,0.97,0.02,0.07,0.91,0.08,0.01
ab-test-001372,0,e4efdd04ea4a36f861e210490c16dc1a6a3ebcb74f2c81af1695c9bec53accb2,jev-latest,0.01,0.98,0.02,0.9,0.95,0.07,0.02
ab-test-001373,0,f9c3fdfc1c7f0f4c71e78501d69e32e7497f48750d8177fbd6ecec578a359ced,jev-latest,0.02,0.97,0.03,0.88,0.94,0.07,0.03
ab-test-001374,0,098f6e5cd20ad402d5657fc7234c17120e7bceef6645aef58fde2afe2e120d5f,jev-latest,0.01,0.99,0.02,0.94,0.97,0.04,0.02
ab-test-001375,0,491d1cbd1ac842ef8ee745e4177e4ad1393d6c02f6bc1f9c2f308145a9f12268,jev-latest,0.01,0.02,0.02,0.9,0.75,0.06,0.01
ab-test-001376,0,6f4d3811641498de84f71b9b16eca8cca53e1d10cf5454e22fdde6e1ac75a87e,jev-latest,0.52,0.97,0.1,0.84,0.38,0.21,0.57
ab-test-001377,0,46297c3a9778d974d030d7113861c22a00feb7659a240e99a0376ebeca4ec4bd,jev-latest,0.01,0.01,0.02,0.93,0.88,0.05,0.02
ab-test-001378,0,127a0456622c8d32993347aae0ad4642cec6561bbe70c147ca69306a24fadf67,jev-latest,0.01,0.98,0.03,0.07,0.54,0.61,0.02
ab-test-001379,0,9e6a9336723b5e97618129746a014820bd08d9b26eae57c6852c977b700c14e3,jev-latest,0.01,0.98,0.03,0.62,0.97,0.17,0.01
ab-test-001380,0,beefa7db5eae6060aad505c0b4833007c9a17ffb4efab4e8e90d3d2d873e5adb,jev-latest,0.01,0.95,0.02,0.09,0.76,0.09,0.01
ab-test-001381,0,93013c2e8d1c499731a70a79b44a6df6986419f86775fafe9b8f363aa2786391,jev-latest,0.01,0.01,0.02,0.63,0.9,0.03,0.01
ab-test-001382,0,89216b72dd8aed6ab37c0348401a20b77984d8cbccc6bdc63a983c640b0ba58a,jev-latest,0.01,0.99,0.02,0.15,0.89,0.04,0.02
ab-test-001383,0,a622b03a99fe1af16c2c97f509e8817bc899b066092f7c6dfcb5cc95fb5701cf,jev-latest,0.03,0.98,0.02,0.92,0.85,0.1,0.06
ab-test-001384,0,16194e2909cb74df7aadeee898c7d60db13411b6230bc7859be5554878289f25,jev-latest,0.03,0.98,0.02,0.41,0.76,0.69,0.04
ab-test-001385,0,29a4764d52ce31d258f25382e6df73327657bbfbfa464e20b93c65ffcb1eb721,jev-latest,0.01,0.99,0.02,0.93,0.97,0.03,0.01
ab-test-001386,0,94e1d21ecba008352d2d950a0859c5203e302e47e51290506166276179c2e843,jev-latest,0.01,0.02,0.02,0.93,0.83,0.04,0.01
ab-test-001387,0,e16ecb180ce730cef78a00562722cb945e408b08be6cf442bb0bd047a45a34eb,jev-latest,0.03,0.96,0.14,0.84,0.94,0.1,0.11
ab-test-001388,0,8e6777e2593bc8502a83b5e6f79f6222062e4a62a332e20c84201a5dd607d662,jev-latest,0.01,0.97,0.01,0.12,0.7,0.54,0.02
ab-test-001389,0,0c02cb2ac5d64ad9c0abbbe96015f1bdf489ec39100bd780352eb0887fe2e72d,jev-latest,0.01,0.01,0.02,0.88,0.88,0.04,0.01
ab-test-001390,0,a62a95432250e5e06570fa5594c2383fcae26128db6b0f7345b28ad406256dbb,jev-latest,0.01,0.98,0.01,0.59,0.74,0.07,0.02
ab-test-001391,0,9894285b62e1cae4a93a68d5096049ac98b94a4577eaf3a1bdcf067e49eb00ff,jev-latest,0.01,0.94,0.02,0.38,0.85,0.19,0.03
ab-test-001392,0,19ee87626ca78d3ff4588f96245005cd4bc175ff8db4b6c8d0cabbe6d532227c,jev-latest,0.22,0.98,0.08,0.92,0.92,0.08,0.45
ab-test-001393,0,02126b5f262adb619f6f98ae87633af4f79db71ed729e62fea31bb8e2e7e7af5,jev-latest,0.01,0.99,0.02,0.94,0.96,0.04,0.02
ab-test-001394,1,affd67cf268f95279f25796975f7cd2e9d4184835cd58de875b59cfc09bee7a6,jev-latest,0.91,0.99,0.97,0.97,0.13,0.15,0.96
ab-test-001395,0,10a0d3ab12caa2fc2bacd2094e0eaefcb74184baa36a5ad90b0bd3bb647c317f,jev-latest,0.01,0.98,0.02,0.17,0.9,0.28,0.02
ab-test-001396,0,8c6f8b246b32ef2539a587abbd7bac1ad8f647200e8a7250d1b70c3e785e9d13,jev-latest,0.01,0.92,0.02,0.03,0.89,0.86,0.02
ab-test-001397,0,b690610f9c52e433e15218ee3775566b97907dcdbbdbd7fb567b4eaaabfd41eb,jev-latest,0.02,0.98,0.03,0.94,0.96,0.07,0.05
ab-test-001398,0,0279f4d75bc8f5fc1b019a8fdb27a20ca9fb8ce8b59ad4a738ce44f3c3de4fec,jev-latest,0.05,0.98,0.03,0.85,0.94,0.18,0.11
ab-test-001399,0,26506bf36a3d476c1496d67c2246eb1c87c34bf9d586774398824f2347a7c2b3,jev-latest,0.01,0.94,0.03,0.48,0.93,0.11,0.03
ab-test-001400,0,b15a5185524020d5820157fe2ff5f9da1d33dd207f8b32c257284b6b264e753d,jev-latest,0.04,0.97,0.04,0.65,0.5,0.35,0.08
ab-test-001401,1,fe14e223d79e4a8049301a6bfbe2b593482b6d90bae5d08810266198ed059897,jev-latest,0.87,0.98,0.96,0.93,0.18,0.08,0.94
ab-test-001402,0,777e1702adc83c70f16bed014a6f3a605741a7e9bde2fc4df53d5028ae8ba742,jev-latest,0.01,0.59,0.02,0.04,0.83,0.77,0.02
ab-test-001403,0,563290b8b88ab62447d5f8da1c489962131b4e1b06f310fdb4734b06468b9a98,jev-latest,0.01,0.98,0.01,0.86,0.95,0.04,0.02
ab-test-001404,0,e7b818e73b25d57560485d000a1188810f4d22a948cd46e07122eb5421e95ff0,jev-latest,0.01,0.02,0.02,0.76,0.84,0.03,0.01
ab-test-001405,0,fc46df40161df3acee88e747300f090434ef59513ff9a5917fd8e3ac138ca895,jev-latest,0.01,0.99,0.02,0.54,0.95,0.05,0.01
ab-test-001406,0,1ae6609bf39bc81b944d4983fcd6387bece890e0e81c19501f929473472af022,jev-latest,0.62,0.98,0.35,0.94,0.36,0.07,0.71
ab-test-001407,0,5e8be3e11abf3c7e0867000f34a921778bcd95237d1c80603d0dc49d3b213ca7,jev-latest,0.02,0.99,0.02,0.93,0.96,0.07,0.04
ab-test-001408,0,a12fe403436b7f658f6ed3989c5514b918d2928db48c2775caaa6be2ef073101,jev-latest,0.01,0.98,0.02,0.05,0.51,0.18,0.01
ab-test-001409,0,873004ede616e5b5fe7910acd2a0b8e1975285cfe9eaee53792644ed471311b0,jev-latest,0.2,0.97,0.05,0.72,0.71,0.58,0.25
ab-test-001410,0,4e3fa88f035d3cd4a432e1c164ec5114b36b6f72d284943db1e488608ebe127a,jev-latest,0.02,0.98,0.02,0.89,0.94,0.05,0.04
ab-test-001411,0,1cee22ced9f6eaa1be22ffe572fdb2a073ddb397d0fe4483989c34ad87caef4b,jev-latest,0.02,0.98,0.02,0.85,0.73,0.32,0.03
ab-test-001412,0,6ff585cb9c5a16895224793b12e4386ca03872663e5c2d9ec0e69b513366ba49,jev-latest,0.07,0.99,0.31,0.94,0.93,0.05,0.28
ab-test-001413,0,36480feabebe6d6d68944e202687e5ec9a0288662c275ba6e3c81b0320426e48,jev-latest,0.02,0.98,0.02,0.59,0.95,0.09,0.03
ab-test-001414,0,b8590180e252215e2135ff9ccc1bfa995fff52774525b01d8e6dc2142cd5b1bb,jev-latest,0.01,0.02,0.02,0.92,0.68,0.05,0.02
ab-test-001415,0,772ff203cd956b6e5cbbe35d63e8145eda9b2802e7b1b12bf04db7c9a9cd2ed0,jev-latest,0.01,0.98,0.01,0.35,0.86,0.06,0.02
ab-test-001416,0,fa58e5ab816b9da6a1a97809251f68ec952b26ee887665786725c918b632903d,jev-latest,0.01,0.98,0.02,0.94,0.96,0.04,0.02
ab-test-001417,0,8235329ce5aa05a57a04d01aa030199d04a63de0f1915b2a64cf510292ab6db2,jev-latest,0.01,0.98,0.01,0.02,0.76,0.03,0.01
ab-test-001418,1,e3290cc57700584e20ec60d023adca973ed7ae5a0439a4a6fde68c617739359f,jev-latest,0.74,0.98,0.92,0.86,0.71,0.08,0.9
ab-test-001419,0,214a374884f60f2b5c731aae6e5a8b6425d41715fab3b0919c2632a97128934a,jev-latest,0.01,0.96,0.01,0.02,0.74,0.11,0.01
ab-test-001420,0,4dd767ac8c4a368ec9edc41165487a0c943f56c036f62856d1cb02635048f4f3,jev-latest,0.01,0.98,0.02,0.71,0.95,0.15,0.03
ab-test-001421,0,686fe74acc5893c0ae51ffaf4ff058a373d0a2e9d5268353f51657b205d81935,jev-latest,0.01,0.98,0.02,0.6,0.97,0.06,0.02
ab-test-001422,0,7afbbb0655b2a4d962efaa6000ac1c5c20f0d77754a95b3bacd2c5730aaf258b,jev-latest,0.07,0.98,0.04,0.8,0.87,0.24,0.12
ab-test-001423,0,784fdb41556b568525fbae549dbf96336f68c8b7c6a52936b76ed36f6b6c1c6b,jev-latest,0.01,0.01,0.02,0.95,0.89,0.03,0.01
ab-test-001424,0,21c80da34d109f5eb5defbc80f247de2208aef31cfca0ce528040ac78dc0c610,jev-latest,0.01,0.02,0.02,0.93,0.82,0.03,0.01
ab-test-001425,0,f06077d1e3951745db7be2a131f7b241f558a704f0b99a546be45768f3c8b656,jev-latest,0.03,0.98,0.02,0.84,0.34,0.07,0.05
ab-test-001426,1,178c948a014587629c65ce6e8ad8eafb7cccb0b627998bb72f183e93e3fafa82,jev-latest,0.92,0.97,0.87,0.96,0.2,0.08,0.94
ab-test-001427,0,9bfa93c7b9bcb3681ef58f0d6bd2a96c1f31b22f204f1be04c3b1e365a8a8188,jev-latest,0.02,0.98,0.02,0.7,0.91,0.17,0.03
ab-test-001428,0,4b8489b45b1c13f5bab8b1c5eaa446e5c0971b4201f230ff530a07f04edbf066,jev-latest,0.1,0.94,0.08,0.87,0.92,0.11,0.39
ab-test-001429,0,9a1cde747dde021ba15e0fdf42ad9423ed5d8cae864f4ee9c544813694301488,jev-latest,0.01,0.98,0.02,0.58,0.91,0.04,0.01
ab-test-001430,0,ab5995ea112a68aa4d839fc51a4e4b6132bc8d3625816e621fc67ecec582845a,jev-latest,0.03,0.96,0.02,0.78,0.87,0.24,0.09
ab-test-001431,0,eb0a275dbb0b39a368f363b24b3359bebca331bc5e59954221491f2fa2477b69,jev-latest,0.01,0.98,0.02,0.62,0.88,0.04,0.02
ab-test-001432,0,e9ae0f9332a5017fc3c56ec59b271c1fd4b984d20a54df14d588190662ab7f85,jev-latest,0.01,0.95,0.02,0.04,0.74,0.81,0.01
ab-test-001433,0,4b30d0b586daf17c51b88488b29a4aad159085691e554eb41238a615403a13b9,jev-latest,0.01,0.99,0.02,0.03,0.85,0.03,0.01
ab-test-001434,1,945b611a96579830f9f68f99dee5c032cf9e91ba116dbbf17cabde0b6e6073cf,jev-latest,0.95,0.99,0.96,0.97,0.13,0.05,0.96
ab-test-001435,0,2735fa36f3b7129b30ba7808ce614a6b4db738e393d4df82fbe60c016fe2f271,jev-latest,0.06,0.98,0.03,0.93,0.89,0.12,0.16
ab-test-001436,0,682250aeff7cf8cf533dc323dc7b14d20e9d7b5db5c2d24e21f9c973b069320b,jev-latest,0.01,0.02,0.02,0.84,0.95,0.13,0.03
ab-test-001437,0,5439da95c59f8e908fa3834811bc61432a3e3a7b1b4e6a8f11b6a25b98ebbe60,jev-latest,0.01,0.01,0.01,0.91,0.9,0.05,0.01
ab-test-001438,0,913c69b0caf38be0d353bca738e6d9d11130f3b264e6292754ef4ab851c5e017,jev-latest,0.6,0.98,0.06,0.94,0.59,0.08,0.71
ab-test-001439,0,70b544603338903a6c73a74b8c5c12078ef3d94f76d7e63283e1015187745cac,jev-latest,0.01,0.01,0.02,0.74,0.95,0.03,0.01
ab-test-001440,0,3bc597a7f283432a67bdf20e14cd53c0942274d311ea52e8ce3cceb03e22f5c2,jev-latest,0.03,0.92,0.02,0.77,0.92,0.14,0.06
ab-test-001441,0,c2cc388f5fb954dcba6a5f2a1cfe13565ddfa75d53e32bf97da4113aa2080975,jev-latest,0.12,0.95,0.03,0.84,0.59,0.2,0.23
ab-test-001442,0,b1219592aa2d553268fb820d31a192544c3b3e7b5d9a4061a23b4a074b4271a0,jev-latest,0.01,0.85,0.02,0.13,0.81,0.37,0.02
ab-test-001443,0,91fdd050b9ec9211dd3489c165377b43cea67bc97b11812662cf05a0841da4fd,jev-latest,0.01,0.98,0.02,0.95,0.95,0.04,0.02
ab-test-001444,0,056b2ae136fc374de519a8f2ec6d96c0b8298387be95e8391bee9ec01db922f4,jev-latest,0.02,0.98,0.02,0.78,0.94,0.13,0.03
ab-test-001445,0,a66d544da07f01eec4c60c26792d7e6b010b8e2c86eaa4f25558ad8fc698de28,jev-latest,0.01,0.98,0.01,0.63,0.93,0.05,0.01
ab-test-001446,0,696ef1ee5038ca9d5bfdef8dad012ffcc904547d83d5e09458ce8c429ba1013a,jev-latest,0.01,0.02,0.01,0.84,0.44,0.08,0.02
ab-test-001447,0,3dfb79f04be3172aeebe426de31303953d84612f43a4d27ede2d3d7463055397,jev-latest,0.01,0.86,0.02,0.57,0.75,0.12,0.03
ab-test-001448,0,84334435b30c7cd868ced6394e916c1b19c471a6b7936d5356b280c948b47020,jev-latest,0.01,0.98,0.02,0.05,0.87,0.68,0.02
ab-test-001449,0,9bfd8a0103c83f0e1ee0502e8dacab5cada25e06bdc037b2a7d5445d3a6a4533,jev-latest,0.01,0.02,0.02,0.92,0.91,0.04,0.01
ab-test-001450,0,43d74aed2a5c710f593c2f89bd396e8cf1532fb0dbbbc1270eef6d55104aa6d7,jev-latest,0.01,0.98,0.02,0.49,0.87,0.1,0.02
ab-test-001451,1,23ac700730c11ad217ab84792dc39aa7c41600431697dcb89adc0fa78d652304,jev-latest,0.82,0.98,0.97,0.94,0.62,0.13,0.95
ab-test-001452,0,97c1438917aed6d72c0286f54378a9a8acee8179af9cc04d3db92ae54001b965,jev-latest,0.01,0.02,0.02,0.67,0.88,0.03,0.01
ab-test-001453,1,abaaca4bf4fd2eb4523a3d6f6744cf3c0771598cc026bef2720373cb60c93888,jev-latest,0.95,0.98,0.15,0.97,0.12,0.05,0.95
ab-test-001454,0,a4d7167604ba9c1faf6b857b400f20dc1edaad74c288d592de78d45789306063,jev-latest,0.01,0.98,0.02,0.47,0.72,0.06,0.01
ab-test-001455,0,efbd2207a4f1a407db168ded5957e027a442e5293920ae2135c3b99bc4a89ab1,jev-latest,0.01,0.98,0.02,0.37,0.95,0.11,0.02
ab-test-001456,0,f8da6698f20caa7433fa8f46387fbe1371bdfdd694717100b3678969cd6c5d89,jev-latest,0.02,0.97,0.02,0.88,0.92,0.08,0.06
ab-test-001457,0,687d495decf9f13fbb96802b61f1a4baa3e8b7937d7e041be3f88f0a4ac45c23,jev-latest,0.01,0.99,0.01,0.1,0.64,0.05,0.01
ab-test-001458,0,fc2f613b2afe57b5dc53f527bc3de2e9d0c3506f6e743a0f6215dd192b260b87,jev-latest,0.01,0.02,0.02,0.9,0.8,0.04,0.01
ab-test-001459,1,bc5aab2fe9911c53bf69bba5ac7e471d7eec8f1396c6a3c1b0432fbd0ac4c977,jev-latest,0.88,0.98,0.93,0.94,0.21,0.14,0.93
ab-test-001460,0,f113df836964b3a07d88764648bb9b504b5839c28d4198a94c883fefc9179d8a,jev-latest,0.09,0.99,0.03,0.94,0.77,0.07,0.1
ab-test-001461,0,b30f20e472b1fedcae33ba68e792568e6c5c4ca12ee7e5583222f06085520b6f,jev-latest,0.02,0.98,0.02,0.81,0.84,0.11,0.04
ab-test-001462,0,52764ccbc9059da6fc6c0a876db5c6d6aca429f799defbace68d974565b77db8,jev-latest,0.02,0.97,0.02,0.81,0.88,0.17,0.03
ab-test-001463,0,a13ae7ae0577daa856b5f24fc74f43030d89090dfc81653fd41173818c65731d,jev-latest,0.01,0.98,0.02,0.75,0.97,0.04,0.01
ab-test-001464,0,f83ebf86d8fa34ccce91483e29b1b10309fcdb37b03249821549a178d9e5552f,jev-latest,0.01,0.02,0.02,0.9,0.84,0.07,0.02
ab-test-001465,0,1c307ef1ca1335f8bdafa109d46c0205656d5df37855cfbe8e03eec7eca8553f,jev-latest,0.03,0.95,0.02,0.9,0.94,0.16,0.09
ab-test-001466,0,b101d1dd0e7d046e9a12d6ba9b7b1643e84ea576c566a1231c49f4348dbb81fb,jev-latest,0.81,0.98,0.1,0.95,0.24,0.07,0.83
ab-test-001467,0,24fb7540f04bd72bd56dd0e177dd879966f8bd929b9c0bdcc0a947783bcd2df6,jev-latest,0.67,0.98,0.12,0.93,0.65,0.08,0.71
ab-test-001468,1,44626724b5f8cd29153e7721ceec4596b13e6bd38b7916b813bce172a68473e2,jev-latest,0.87,0.97,0.85,0.95,0.29,0.08,0.91
ab-test-001469,1,16bbd3f1a67dda94577833021e9376fe509062c76ffcfd004cd526b91d005efe,jev-latest,0.82,0.98,0.45,0.92,0.25,0.18,0.91
ab-test-001470,0,3f6379bd7e9328755d542c23b192d4dad46a5fe7ee740c21a2fb7ddfd7c1d99b,jev-latest,0.03,0.98,0.02,0.82,0.84,0.12,0.05
ab-test-001471,1,fc17d960c4af8b0961198d9363ba84dd121d7948c6733aff96ca6ca086b9c947,jev-latest,0.92,0.99,0.83,0.98,0.18,0.07,0.96
ab-test-001472,0,022f0aa383362ec15ea55edaf7c9761ef84eead1a28cf694a529e752c4a30d07,jev-latest,0.01,0.03,0.02,0.03,0.73,0.4,0.01
ab-test-001473,0,824fc139481cf9ec39f416b30854a4ff6416fdb0ca3b9024e25483a2312049b1,jev-latest,0.03,0.95,0.03,0.5,0.53,0.46,0.05
ab-test-001474,0,6af4f370859dad3bfc8962d58944ad232363c28d352bd6286937f2523be5f6a8,jev-latest,0.01,0.98,0.02,0.89,0.98,0.05,0.02
ab-test-001475,0,857f199a2794d90066fac6a9d476290ced97cb7167108ceae715a4f202801f66,jev-latest,0.03,0.98,0.02,0.89,0.62,0.08,0.05
ab-test-001476,0,09eb7640d75c5ac4737fd29f35ceaaa1e259f99cb915d8bf858523757c6846a7,jev-latest,0.03,0.99,0.03,0.92,0.96,0.05,0.05
ab-test-001477,0,c68a786ad452dad4ec03fb1b1abf4755166f1e08e71a3a36e9233023754b4ca9,jev-latest,0.01,0.02,0.02,0.34,0.57,0.14,0.02
ab-test-001478,0,6f83ba2b79f90811e57ba3b5dd6e18322dee9f9903853d370db4998cb8194924,jev-latest,0.01,0.97,0.03,0.05,0.91,0.85,0.01
ab-test-001479,0,eca4b77f503e5267d8c66e87a5692d82f3ca1dcd5bf7a8152089605966c7c786,jev-latest,0.01,0.01,0.02,0.92,0.92,0.04,0.01
ab-test-001480,0,5cd19f7b7f60581ff843d9f32cdd7cacfaaa09308e39ef90b6c712e7f3c23058,jev-latest,0.01,0.02,0.01,0.82,0.65,0.08,0.01
ab-test-001481,0,820fc5d61c59cd2cd7febcee6420ad91346d7e65f3820c0be8209a45644d1cec,jev-latest,0.03,0.46,0.02,0.5,0.72,0.38,0.05
ab-test-001482,0,21dd1f8544ae7f11c70c403f51c3b4c1429fab77c169960d656edc7312974568,jev-latest,0.03,0.97,0.03,0.76,0.89,0.22,0.08
ab-test-001483,0,b2ea4503b1b9453fe52d66337e08c04d47672abe29888bbbd5e50ac0fe1dacac,jev-latest,0.01,0.97,0.03,0.82,0.98,0.1,0.03
ab-test-001484,0,ac67c4b5b637c3300a295e0fa3e244cdf200cf555c1943521dde659259c84865,jev-latest,0.02,0.95,0.04,0.73,0.93,0.25,0.05
ab-test-001485,0,1ebeaf30dcbb133a866d33aa26202c9e5c3c261ffd4e3fb591fb74aaea6441a7,jev-latest,0.03,0.99,0.02,0.89,0.91,0.16,0.04
ab-test-001486,0,d235d4d5156e7cbf234b50d8f96ec755dc6ea6d07b904a4f4446d21b49fba2ca,jev-latest,0.02,0.97,0.04,0.18,0.76,0.17,0.04
ab-test-001487,0,ec8f45ccb4d560570422112e480583c329184d23ac303a16048651dec3c1a73a,jev-latest,0.11,0.98,0.02,0.94,0.36,0.06,0.08
ab-test-001488,0,5f603e12f41947ea4dde81178bb43b3e4f0cf0d5dd699115c0090c819a675de0,jev-latest,0.01,0.99,0.02,0.93,0.97,0.04,0.02
ab-test-001489,0,a7eb42bb51e40e86ad250bcc999416260f622fcf49605e1f956c008f98259c36,jev-latest,0.04,0.97,0.02,0.52,0.45,0.64,0.09
ab-test-001490,1,8bc8a1c98d13df18bf3ff0bd4a4a6979a42d432d3fca44afb7ee54f2f7947440,jev-latest,0.95,0.99,0.25,0.98,0.17,0.04,0.96
ab-test-001491,0,468133e3c81a860df702247597da907ec96e1ffcce783d0f86a9838fd2e747ed,jev-latest,0.03,0.96,0.02,0.57,0.53,0.41,0.05
ab-test-001492,1,c5e0b895888baa0a9b3a3c96d55e87d9c218c69d5307531378aa19bc61e902f2,jev-latest,0.76,0.98,0.95,0.9,0.68,0.16,0.9
ab-test-001493,0,f5b2d2c32e407a5bc89dfc0f61841301c6ede51f9517cb741e7ec81543e224d5,jev-latest,0.06,0.97,0.03,0.61,0.53,0.3,0.1
ab-test-001494,0,37b7ac949e1a545aba4445b76b858f7f570fc1aa3c74ad7f5d6c4e48750d1584,jev-latest,0.01,0.98,0.02,0.8,0.97,0.15,0.03
ab-test-001495,0,c86b35f23135fbfbdcb1ea0c9cdde06e516d13ce857bf37b2e9cfcdb6e017df8,jev-latest,0.84,0.98,0.08,0.96,0.24,0.06,0.82
ab-test-001496,1,68e84da6362ab5ae77b0881645cf9304522b12a0cf4593b45ba7b2f3803a8399,jev-latest,0.39,0.98,0.48,0.92,0.76,0.15,0.79
ab-test-001497,0,b64b466c7f729fbad198c5789e86f0e65cf21c0548de6dd662db65fc1ff578cd,jev-latest,0.01,0.01,0.02,0.93,0.95,0.03,0.01
ab-test-001498,0,56f5fdfab43f497b650097c382b10e87b0038e5a65bf2de9fbe21467794656d3,jev-latest,0.01,0.99,0.02,0.9,0.96,0.05,0.02
ab-test-001499,0,7d6fc8c0d06ed1627111c5e8ec2169070c27e5eb57eb8be523cf1fecb10868da,jev-latest,0.07,0.98,0.02,0.89,0.72,0.12,0.1
ab-test-001500,0,ea32940b8faa646c7ef5cdb9a7b8638af57c513be53e1b49fd698c3d90b0f09e,jev-latest,0.02,0.97,0.02,0.65,0.85,0.18,0.02
ab-test-001501,0,95f2f770010dc3c1f99c32bf3865d16fd49e5d9ddacb046707183a1c6212c9a8,jev-latest,0.01,0.98,0.01,0.6,0.89,0.04,0.01
ab-test-001502,0,d63d570c23d20d66c8ecf72fb127823c9b589b93c40912f535dd4322f2305e61,jev-latest,0.01,0.98,0.02,0.93,0.96,0.04,0.02
ab-test-001503,0,aea8f3805bbc83e221a23fa16d6f9f1a9e4bf0ac489c97c57d0f605b11520d37,jev-latest,0.01,0.97,0.02,0.06,0.56,0.1,0.01
ab-test-001504,0,bcfe57cc8992897ac9eb469c6759d5c43deef6a4dee25004145b6360e8f15150,jev-latest,0.04,0.97,0.03,0.82,0.73,0.1,0.08
ab-test-001505,0,b824728c7269d616ecc10bac4effd5b14864ec10ac1bf29284aadc67722f01d3,jev-latest,0.02,0.95,0.03,0.65,0.96,0.11,0.05
ab-test-001506,0,d7788c6a05e24b9524780cf3e633186de17e6622c8b54decad01028f9b7f0a23,jev-latest,0.02,0.98,0.02,0.86,0.87,0.11,0.04
ab-test-001507,0,0a962c704756f7c36a0781369aba75f6f7262fbca8adc34f5d207a36ac147fd3,jev-latest,0.01,0.98,0.02,0.61,0.96,0.04,0.01
ab-test-001508,0,acd3c872d2f44227596651043cc3232c12cf1d6c3b1ab83c2d610418fd61869e,jev-latest,0.01,0.02,0.02,0.92,0.93,0.06,0.02
ab-test-001509,0,3fcc9cd8fb80adb5075d25e319be62459993636b612f8ca73c505c95fb8727c5,jev-latest,0.03,0.97,0.02,0.83,0.7,0.24,0.05
ab-test-001510,0,345003e97fbcfa4f5be70574e8246bab495693bbcb541a101f6b2c22ae618c7b,jev-latest,0.01,0.02,0.02,0.94,0.93,0.04,0.02
ab-test-001511,0,ed638e414dd8d8364661d65e9dee6b81c8752225f6a7e4e8857740153d4d3328,jev-latest,0.01,0.98,0.02,0.48,0.97,0.04,0.01
ab-test-001512,0,f2bd75c95b827a2549e941c7f00f98ba87a058a1f2a4d35e338b7c356371b75e,jev-latest,0.03,0.97,0.02,0.67,0.79,0.25,0.05
ab-test-001513,0,c1daf194e2f64153b499607ade11a941477526cf7de426cf08036179cc0f9607,jev-latest,0.01,0.98,0.02,0.67,0.93,0.06,0.01
ab-test-001514,0,435d24312c30bdd5da23bb6e5385a0218f5b86099ee505610e46e33d6e753c00,jev-latest,0.06,0.03,0.03,0.79,0.57,0.15,0.1
ab-test-001515,0,1ff011eaf6b92e7fa7975853ec9aff4be4ec48ff803429cc23e94a40d3db2f79,jev-latest,0.01,0.98,0.02,0.83,0.97,0.15,0.03
ab-test-001516,0,f013a2c23267ca93b253905858bf3f8451d0eec9db4c35d5bc00b143b443365b,jev-latest,0.01,0.98,0.02,0.04,0.63,0.04,0.02
ab-test-001517,0,dfa90aa5c1a61ac94ba15f7cc297448658f48fe0542aeedf2c5ffa6281543617,jev-latest,0.01,0.98,0.02,0.67,0.87,0.04,0.01
ab-test-001518,0,3514fc24cbf59eea60e6fa5cd626334326645b893c0d8351cd7c84f05aea2f56,jev-latest,0.01,0.96,0.02,0.06,0.77,0.85,0.03
ab-test-001519,0,02e117eaef60d356601d0b2dfe3b2ec19c8c2922453a2b0dd181f1d7e16d1d76,jev-latest,0.02,0.98,0.03,0.92,0.95,0.07,0.04
ab-test-001520,0,78aee5dc49a6e788b7963551fabe4749c9572ce28e3ca2b78a613f46b8774f9f,jev-latest,0.02,0.98,0.02,0.66,0.93,0.53,0.05
ab-test-001521,0,c7fd475c04511d76c7895010f20ebad10c4590163a036efda256a45b68b838c3,jev-latest,0.01,0.99,0.02,0.49,0.97,0.04,0.02
ab-test-001522,0,d651afde9f7b18c94a4238caab0d0c8f4123fa9d00519561baf2ff2ed8aefa49,jev-latest,0.03,0.98,0.03,0.94,0.95,0.07,0.06
ab-test-001523,0,dac530ede6fd9fef9d6c50e9198fda920f718271df74e7bcccc560ce29868b2a,jev-latest,0.03,0.99,0.03,0.94,0.96,0.06,0.04
ab-test-001524,0,c6fe25a545be65df0b68172fe6dd07cfe45b2889b0b3ce406963e01320d5d566,jev-latest,0.01,0.98,0.02,0.49,0.89,0.04,0.01
ab-test-001525,0,bcb4d3e17b4c0a468b591c0ff24b8dcc09de728e5b29efe9d03d98faef40ed54,jev-latest,0.72,0.72,0.22,0.87,0.32,0.12,0.78
ab-test-001526,1,1843ac4eaeef5ceb82bd83590433cb2b4ecf89f186971da6149b36dcf3f89f9e,jev-latest,0.84,0.98,0.81,0.96,0.35,0.07,0.87
ab-test-001527,0,4a8072953c7828025f76a11c7f27162ec55fbebe6e832d530e23f4e5c74be7c7,jev-latest,0.01,0.98,0.02,0.43,0.76,0.04,0.01
ab-test-001528,0,7e9faf2e1c31d6971e0529004280339b72298cba6b65a06188b6dc14b71ed10c,jev-latest,0.01,0.98,0.03,0.05,0.82,0.9,0.02
ab-test-001529,0,e722a1c0d8f448d68ca9335e86bbfb2722fa33a52e34996d61554e9f6028fabb,jev-latest,0.02,0.99,0.02,0.95,0.85,0.04,0.03
ab-test-001530,0,222398549effcfb5ce375250512b00d101d848ad8df0b92436965d2208870da5,jev-latest,0.01,0.97,0.02,0.36,0.94,0.24,0.03
ab-test-001531,0,322b177a2cf2bdef5833b7a3c60e5bcd30eca67de86015f5cec05e050ba3aa1b,jev-latest,0.01,0.98,0.02,0.05,0.69,0.79,0.02
ab-test-001532,0,4379d07cb130751ae61f271d00116e4dbae24296484de3beb118bfced948eb81,jev-latest,0.01,0.99,0.02,0.9,0.97,0.04,0.01
ab-test-001533,0,342a42a32f7f380bcd31100f98f2d200623559499e66399eca0d99be1250d00b,jev-latest,0.01,0.02,0.02,0.96,0.8,0.04,0.02
ab-test-001534,0,f87b910f1a619edb74d954261871db9384dacfdbc3cb434774f5e007a2533275,jev-latest,0.01,0.02,0.02,0.94,0.87,0.04,0.02
ab-test-001535,0,db355e3ac01a46ce226209387bcdf6841e1b4b7db3d6cb98a53d30ee554cd1ed,jev-latest,0.01,0.98,0.02,0.09,0.52,0.24,0.01
ab-test-001536,0,f12e28097558b46024a7b784abd2c446c41a70c91653ee71ea18187895803104,jev-latest,0.02,0.99,0.03,0.95,0.96,0.04,0.15
ab-test-001537,0,e5b4ea76cf602a78da8845eef81d6527c9b4b6d7c7243fbc9a1b89090f7bd15a,jev-latest,0.01,0.99,0.02,0.9,0.97,0.04,0.01
ab-test-001538,0,29acc9c16ec6e534156fd957130104e01cf39bf8a16a5d80d9a11b408fedda00,jev-latest,0.01,0.02,0.02,0.04,0.84,0.49,0.01
ab-test-001539,0,a0596d98b45b59948ce691e37da9e559936d2a70b1064ce7d1c70489b4ef48b0,jev-latest,0.01,0.02,0.02,0.03,0.67,0.8,0.01
ab-test-001540,0,ca426ce0de86c2c208b456e7f10260093971fcb37e7148e7198ea74e95e7e8c5,jev-latest,0.01,0.02,0.02,0.94,0.95,0.05,0.02
ab-test-001541,0,3aef67ef43aced3f138bb35840a8aa89556c8ad6af62ea8587f359423e6620b6,jev-latest,0.01,0.97,0.03,0.79,0.97,0.11,0.04
ab-test-001542,1,c9566508bb2c3f96a76e10e0ee30130584be5649c998077031ca1017dfd19314,jev-latest,0.91,0.99,0.95,0.97,0.22,0.1,0.95
ab-test-001543,0,cdb0fc82b8391f7fbed25b7d958a199d1b0baf17b6ef102607be732f58448a67,jev-latest,0.02,0.97,0.02,0.78,0.91,0.14,0.04
ab-test-001544,1,700047f2f3974f146a4918a21e74a0ed1b8621bfd83a3da5c261585ec12970a0,jev-latest,0.86,0.96,0.17,0.93,0.26,0.09,0.91
ab-test-001545,0,59da2c8f8a6169baa8665c5e0c99257bbffb7ac8334bc654a745667de6687eb9,jev-latest,0.01,0.99,0.02,0.51,0.87,0.05,0.01
ab-test-001546,1,b66ed488305daa2210be1a23e9449b688757936886efbaf4d20c660a126e4c5b,jev-latest,0.85,0.98,0.98,0.86,0.19,0.11,0.88
ab-test-001547,0,bb0f15bf08d9da4007a26fb5bb3754e0fe84af448c618375e5e0c9948f064651,jev-latest,0.01,0.99,0.02,0.93,0.97,0.05,0.02
ab-test-001548,0,204061196dbd1aca74b14832607a31dc62e348186a9768712964891ec8a6535d,jev-latest,0.01,0.98,0.02,0.6,0.96,0.07,0.02
ab-test-001549,0,7c6a6bd6da0286a3a607e8335f98831e235d7644c9a1f5292bd0231cb1d17057,jev-latest,0.01,0.97,0.03,0.82,0.97,0.1,0.04
ab-test-001550,1,feb9c2c623f0fcf651702d7245e42a66930cd19f6a745a57c6dce828deecae27,jev-latest,0.73,0.98,0.91,0.93,0.41,0.12,0.85
ab-test-001551,0,d049e62ed3c3618ccaee5b2e7efe0281ef1720ec07e843bce36909b52e5fb750,jev-latest,0.01,0.01,0.02,0.28,0.75,0.04,0.01
ab-test-001552,0,a809f6287577fc88f21b2b5c80268efec482857ff5d9b0ce5859753d149f0a78,jev-latest,0.05,0.98,0.02,0.65,0.78,0.62,0.06
ab-test-001553,0,d5eabace69dfd5503a3c3a45ae7985b6f934600262485d01dd765db90907ced5,jev-latest,0.01,0.02,0.02,0.92,0.89,0.04,0.01
ab-test-001554,0,b6d21dad5192a3ef16f66e3689acc99cbfb878eb2ab288d7e2e71104a12c0a2c,jev-latest,0.01,0.96,0.02,0.04,0.73,0.51,0.02
ab-test-001555,0,d65bc3ab14825c988becc15a3b6ee02c9f64572fe0f82dede400ed8079ec657f,jev-latest,0.01,0.02,0.02,0.96,0.79,0.04,0.01
ab-test-001556,0,da991f74fae592be83e321aa1461dc40dcc295385040dc7e2daf7b6ff9fc4fdd,jev-latest,0.01,0.97,0.03,0.15,0.45,0.82,0.02
ab-test-001557,1,0c9da18095a2b218bf7a923efad343e42c468a2afaf1ca9a36f899ccb0b41939,jev-latest,0.77,0.98,0.19,0.95,0.42,0.13,0.85
ab-test-001558,0,0f136ed714375c064592d8ad77c2992ebe0a138282abb046094813781a647e23,jev-latest,0.02,0.98,0.02,0.64,0.92,0.13,0.03
ab-test-001559,0,a9756fdcfaf8ad79da27fb407ecd245307564dc1c6274549b4baf0d2ad328b9f,jev-latest,0.01,0.98,0.01,0.72,0.94,0.32,0.02
ab-test-001560,0,de80c47bc7d541c5d0c128a8b9edefe3fcd0afc5e40142138d7117680b9e646a,jev-latest,0.03,0.99,0.03,0.94,0.95,0.06,0.06
ab-test-001561,1,1c0e9cc7aca68ade78ed38456207b73b73d7810f5d399e709e266e98a40f8016,jev-latest,0.92,0.98,0.95,0.96,0.16,0.11,0.94
ab-test-001562,0,9be644b6beaa6492d9bd996a9e6c77b8f63cb6102d2162053cf5c9716a6b8acf,jev-latest,0.01,0.02,0.02,0.96,0.86,0.04,0.02
ab-test-001563,0,68e339a69818572ef377010b6996dad26f2db3b1a9e90ffd384de7e3e1e204e1,jev-latest,0.01,0.02,0.02,0.9,0.87,0.06,0.02
ab-test-001564,0,32b6868e80246a0a2192c978c4edbed31e007b5643a185cee78c79f1a6e0f875,jev-latest,0.01,0.99,0.01,0.02,0.93,0.03,0.01
ab-test-001565,0,4b53031023707a8c30947e55c4b8f2f7b4a8a4bd99605a39b5cb1b4bfb9f59aa,jev-latest,0.01,0.99,0.02,0.92,0.96,0.05,0.02
ab-test-001566,0,907fcb40d7e1dcac9c353599a92a684b573b2da7c601b7c0a49a9795be5979cd,jev-latest,0.01,0.98,0.02,0.57,0.94,0.08,0.04
ab-test-001567,0,1db884f184d77b3d1f5e25fc9e3bab0ec6791718fa9ff2269fbf701c3e570fad,jev-latest,0.04,0.96,0.02,0.92,0.93,0.1,0.12
ab-test-001568,0,cf1ce494aa371657d66acfdd556a6084bd5507141b46345ebf7f91a21222b22d,jev-latest,0.01,0.02,0.02,0.86,0.59,0.09,0.01
ab-test-001569,1,eb634b83a2b7b68cd7df04706c19f7f11292ee6c771be0c3cb5588848c324c4c,jev-latest,0.88,0.98,0.76,0.95,0.19,0.12,0.94
ab-test-001570,1,949736cc28801bdecbbe5105a0302bbc381f7a101a7b418ab3f195f959620ba5,jev-latest,0.39,0.43,0.04,0.71,0.24,0.29,0.6
ab-test-001571,0,da094cbfc5c79bc423fdec1d360111e861160c758dbd9cd02ac92efb903340db,jev-latest,0.09,0.97,0.05,0.82,0.69,0.09,0.1
ab-test-001572,0,0983408219e59af4f145a180bb211930565730846e2f32e60be2f52cb18bf1c5,jev-latest,0.01,0.99,0.03,0.69,0.97,0.04,0.03
ab-test-001573,0,412956683b8a5869d29ec94de6962a0f686aa46c17ee8b6d6d5f673c978ae0e1,jev-latest,0.01,0.98,0.02,0.91,0.96,0.05,0.02
ab-test-001574,0,281317d6c240902fe94be146125a47886ff608077fadfd4327304f4c5ccbe591,jev-latest,0.02,0.98,0.02,0.75,0.72,0.07,0.02
ab-test-001575,0,96c18e48b9855249430d3a06e5074514e061fb4bf491251967196f452718afe1,jev-latest,0.02,0.98,0.02,0.66,0.93,0.5,0.04
ab-test-001576,0,5f3102b9cb3ab5adf8cc0d3c0968c756486f8449c4fdd1d52de99a9ab2f2b6af,jev-latest,0.01,0.98,0.01,0.92,0.97,0.05,0.02
ab-test-001577,0,9bde770df046591cc883c55673c3be11ba53af0503a995ff6abfb8b73f80d51c,jev-latest,0.01,0.02,0.02,0.38,0.45,0.07,0.01
ab-test-001578,0,2e1e8a3a2b99f8ce4961c3fff7e0e92034738b313820aca2f592d9165fe3af44,jev-latest,0.01,0.98,0.02,0.11,0.67,0.53,0.02
ab-test-001579,0,78879b4758a412fda379ccfb57a5ba89388f4ba29e4260257b863906a8f4407e,jev-latest,0.02,0.99,0.02,0.95,0.97,0.04,0.05
ab-test-001580,0,568f09bc716bbf5405a7dc5a4867e86dcf11c186733b804b3959abc12de5a029,jev-latest,0.17,0.98,0.06,0.89,0.57,0.09,0.16
ab-test-001581,0,6096f508bcff6ed0ad6faf199a08ac64bfa02b5e9e866c16a965d16baae56c4b,jev-latest,0.01,0.06,0.02,0.27,0.51,0.21,0.04
ab-test-001582,1,90a3aa05bbe12b0540ec170a354141e5650e1ee0ac764bc1c8734b633fb1bb77,jev-latest,0.18,0.98,0.67,0.74,0.76,0.22,0.2
ab-test-001583,1,b6afcd9b6d0c2d2743eadd849fab4c55c6115d9649b3dc62b55d21830fe77432,jev-latest,0.88,0.98,0.96,0.96,0.21,0.11,0.94
ab-test-001584,0,2c6b653add9373fbd89a5b2f4da365399783fc1548d3edeeade024aea33e83c1,jev-latest,0.02,0.98,0.02,0.86,0.9,0.14,0.03
ab-test-001585,0,28c3a7fb440017d4e45146d305f53002ced9e50d1ba86e2b24176ca19d5c788c,jev-latest,0.01,0.02,0.02,0.96,0.89,0.04,0.01
ab-test-001586,0,cf31bb1d82f3d10d2ba28e0293d4670cf426d0a2a36f9ff5cb2006502af6ae6a,jev-latest,0.03,0.99,0.04,0.93,0.96,0.07,0.07
ab-test-001587,0,caefa51f327604ab270c0781d9dcaabcc8893d947fe3588f970fb629dcace69d,jev-latest,0.02,0.98,0.02,0.57,0.84,0.24,0.04
ab-test-001588,1,f6063574179a183eff76fccea5ecf0ffc39a831bfdec40aef589a68dbe0e891b,jev-latest,0.6,0.98,0.98,0.93,0.69,0.24,0.94
ab-test-001589,0,6df8fc40038dc6d6de1759b090e7aee0f92a194d68e867c59a396dac24eb04fc,jev-latest,0.01,0.95,0.02,0.04,0.85,0.88,0.01
ab-test-001590,0,ac09e545690f61a86dee503cfc51ebbca6d467113135058d0dc01dda64baea56,jev-latest,0.01,0.02,0.02,0.95,0.94,0.04,0.01
ab-test-001591,0,a45c46c9c1cd73b8881000de6eb6985795a9dd385ad1072df8755ab87469dfa5,jev-latest,0.01,0.01,0.02,0.93,0.83,0.03,0.01
ab-test-001592,0,cc96f634c1f6478fb9077308dd7cb63c1893c05e1199cfdfdbba9f8b696d957d,jev-latest,0.03,0.98,0.02,0.95,0.84,0.07,0.05
ab-test-001593,0,6e03c28b713180e0af56a2a289234a24d825a50eab1fd8b603ab67040c7c19f2,jev-latest,0.01,0.02,0.02,0.87,0.9,0.05,0.02
ab-test-001594,0,7cb4fc6a277ba1aae5f86434df16a9389dc43676553d2ecb786195e7923faeaf,jev-latest,0.02,0.99,0.03,0.91,0.98,0.09,0.04
ab-test-001595,0,82bc114f21ebf0882546ab5264fe4383aa8caf87b678523fd95a3831b20e4a68,jev-latest,0.02,0.98,0.02,0.94,0.96,0.06,0.04
ab-test-001596,1,fc098f42c0dda50dc2bfa2f809863940f1ea7f974ec5673b9fb4d17206cd7213,jev-latest,0.88,0.99,0.89,0.97,0.4,0.05,0.94
ab-test-001597,1,7e2122c7968cf1c5c44684a90343a574950587a2ab59b5d00b4091068a680abf,jev-latest,0.89,0.98,0.97,0.95,0.5,0.11,0.94
ab-test-001598,0,e95e729e12a6b67c352e2002fc35e6b73713ae7ef28e9986e136c9d22a024378,jev-latest,0.01,0.02,0.01,0.44,0.57,0.09,0.01
ab-test-001599,0,8d840fd4afa1028a4b81fca5350dce751048221f7e22e11e3ae23efd2a0434e6,jev-latest,0.01,0.99,0.02,0.61,0.98,0.04,0.01
ab-test-001600,0,a8e65d0206ede51762be22c9937dbe5405219ebabc95a348028dab462c715d14,jev-latest,0.01,0.02,0.02,0.91,0.85,0.03,0.01
ab-test-001601,1,96b62a19823ef2f24bc7c7cb5baf8369d5b83c5515ee672f67bfaff0647dcdfd,jev-latest,0.97,0.99,0.9,0.98,0.07,0.04,0.97
ab-test-001602,0,fe9062713253e3deebe0ae71e9ba3563a609b96fd1c73150673da881a8d93051,jev-latest,0.01,0.01,0.02,0.61,0.92,0.04,0.01
ab-test-001603,0,ab3ac1584ff2a4ef6a463fca58607aa10b9809757265b4ea04c54222e287164a,jev-latest,0.03,0.96,0.12,0.86,0.94,0.1,0.13
ab-test-001604,1,76ad9c3755f4001dec58a1a89422d2798ead8b57d954edd3ce3c5df5470987b7,jev-latest,0.88,0.98,0.09,0.96,0.13,0.08,0.89
ab-test-001605,0,0088d2c87d023cd1e5e792aee2797b3bf3e79ad22303283e125310de1fb9dd27,jev-latest,0.02,0.99,0.02,0.86,0.93,0.07,0.03
ab-test-001606,0,9b5386135e00cb0b8dcf444b4b54fb6bace6e1b0805e962656f770e726dd6385,jev-latest,0.01,0.98,0.02,0.07,0.49,0.92,0.02
ab-test-001607,0,291e1e30a67b619201be5cce8e328b4b11323bdd47edf79eb5c4f80cf01ffdb7,jev-latest,0.01,0.98,0.02,0.17,0.86,0.45,0.02
ab-test-001608,0,5979622c48dbdda1ca9fd200aec2970a7695e79979e3fd21510e0a0a2114c692,jev-latest,0.01,0.02,0.02,0.93,0.95,0.03,0.01
ab-test-001609,0,251c3d14f24940d82de781efb4a4ff617fc37c7afa5c04b99c4feac27caa18a2,jev-latest,0.01,0.98,0.02,0.87,0.62,0.07,0.02
ab-test-001610,0,f144ad8152d48a26d4efe9d6841b3829bd5dee2f016f08bf04a054a2a8a18881,jev-latest,0.12,0.98,0.07,0.87,0.9,0.3,0.22
ab-test-001611,1,8cf5ac0d29368e98ad9eeb32e559f4528cf3af585099cfe136da3b3b4285ce15,jev-latest,0.27,0.85,0.92,0.82,0.85,0.1,0.61
ab-test-001612,0,0277cc715ea50c6fa7ddf7a9cb1894055d212800476d324b5a4d6af6917fd350,jev-latest,0.02,0.98,0.02,0.66,0.88,0.42,0.03
ab-test-001613,0,063206da3644ccf00888e0fec7725528424754f802fc6b5d7652f7c7a0a76a19,jev-latest,0.02,0.95,0.02,0.79,0.84,0.19,0.04
ab-test-001614,0,2235b21d733f201867a14c9a0e9f49a8281d8351082ce247fd325fb567eae3a5,jev-latest,0.07,0.98,0.03,0.92,0.92,0.1,0.33
ab-test-001615,0,95c9628eb8c6911f1710cc487edcd25e511e7ec61517773a1483e30f55278467,jev-latest,0.01,0.97,0.02,0.04,0.59,0.15,0.01
ab-test-001616,0,ce8001e0906493d832a818b3c5cf4ec1be0309badee9a32189464310e6750997,jev-latest,0.03,0.98,0.03,0.88,0.94,0.05,0.05
ab-test-001617,0,ab37737d39caff769b02f04d2cf98cdccc87e1828da6390b12782d70e93c27ca,jev-latest,0.01,0.96,0.03,0.83,0.98,0.1,0.03
ab-test-001618,1,b91deba909b9989fc56823f956ec852467979b207f595c6ccc790fc7c6463e19,jev-latest,0.95,0.98,0.97,0.97,0.12,0.06,0.94
ab-test-001619,0,fc0c8fa2e3925dacefdcf15810fcc8f3ddb7b337538b5d4572a44dc107ee3a96,jev-latest,0.05,0.86,0.03,0.78,0.95,0.09,0.08
ab-test-001620,0,46d4fb68202634b8da90e34de5c4c244b087c7a4f130b3b18523b29cc111c7d5,jev-latest,0.01,0.01,0.02,0.36,0.79,0.05,0.01
ab-test-001621,0,01d82f8cd659ab282f57ffe7f6bb084d62801d1bfca1781fe6653d5b428b4db3,jev-latest,0.01,0.02,0.01,0.88,0.55,0.07,0.02
ab-test-001622,1,9f7f3f4398872a759c4645b565cb0d52ffe29d55d582a99efd024f9c66c60af6,jev-latest,0.8,0.98,0.97,0.83,0.61,0.22,0.89
ab-test-001623,0,f267f5cc6e893418c244531d5b81800184bee8a87ef62e8177120f645dc7496d,jev-latest,0.01,0.05,0.02,0.86,0.9,0.05,0.02
ab-test-001624,1,790b9a5350a07be24a72663ef116948190a3e767aa6744f0ce98f6d0f2632f42,jev-latest,0.94,0.98,0.96,0.97,0.19,0.06,0.94
ab-test-001625,0,b7e78bf055eb1e3a7a0bb9c5c3dbc38f11f4a55f59bcad814c1be8ff941265eb,jev-latest,0.02,0.07,0.02,0.89,0.55,0.09,0.05
ab-test-001626,0,7f9312030e24dee197a1b5b7b81d885972bdac6a71553e4bd38ac32e887b7e81,jev-latest,0.01,0.98,0.02,0.64,0.96,0.17,0.02
ab-test-001627,0,23d15e7f567e083f5b78a15a0236016bb8107ad822fc2d8222cd6296501201be,jev-latest,0.01,0.98,0.03,0.04,0.63,0.73,0.02
ab-test-001628,0,a2b6bc9b53841301fa14389e9a2c8c4e975f5b533638eba6ce87a69aa11324f7,jev-latest,0.01,0.98,0.02,0.78,0.92,0.1,0.03
ab-test-001629,0,bd51e1363dc9d729be9ae6a4bcc28c233ca116cbff854a04bbbd621e1f21f85c,jev-latest,0.04,0.98,0.02,0.84,0.85,0.16,0.07
ab-test-001630,0,917f3f987e1092cda994bdc5b9e1dab3bfab6af1407801474a31fdcaec651dce,jev-latest,0.01,0.97,0.08,0.16,0.85,0.18,0.02
ab-test-001631,0,02b67a29797f529ef5e95fb8e748b2d8d9a4af200ad7c978cb50938718dcbe9f,jev-latest,0.02,0.98,0.02,0.87,0.8,0.07,0.02
ab-test-001632,0,0b1958107051fe28ae3982ba307faabf89ede1f3e5d9f1460e02dbb79bc550b2,jev-latest,0.01,0.02,0.02,0.94,0.84,0.03,0.01
ab-test-001633,0,37a2000e0d4b60f470280baa47e171b7bdd01ab140ee73738255cd87a94fd447,jev-latest,0.01,0.95,0.02,0.14,0.84,0.23,0.02
ab-test-001634,0,0695620a32271287aa1d5db3b86f202d40681c69d9191383cfc68e8ca9674e81,jev-latest,0.01,0.02,0.02,0.94,0.85,0.03,0.02
ab-test-001635,0,749fcac3cb3202e2bb0af1f31fa15a048b92e259972da0e6cfb36aa810d88a89,jev-latest,0.02,0.97,0.03,0.76,0.72,0.07,0.04
ab-test-001636,0,b390718905894bb25edf930979b20c59312b5dba8f70133822b3cb0e1545c3b7,jev-latest,0.01,0.02,0.02,0.96,0.9,0.03,0.01
ab-test-001637,1,7178fdbc8706747c7c6e738aa975313252534e43200ee01b4a428617ee6f6213,jev-latest,0.91,0.99,0.83,0.97,0.18,0.11,0.95
ab-test-001638,0,862c068af742ec5b8559e6784393d8a5dcf38552ebc34c703dc93ae5a4deeff9,jev-latest,0.01,0.99,0.02,0.92,0.98,0.04,0.02
ab-test-001639,1,48f75133a57234687dca2fd05d2b479a31578d0a0fa371868413c4b4dcd079c1,jev-latest,0.9,0.98,0.86,0.96,0.27,0.08,0.91
ab-test-001640,0,1fad2abb8b763fbd1bb6c07f7486a5e4f31874abfa1bd1c4ab5f8265d98544aa,jev-latest,0.05,0.97,0.03,0.87,0.69,0.15,0.08
ab-test-001641,0,a678b9eb1870853ecf27b9436a68143fe6446920b54f0011e768ef4f18da9eb2,jev-latest,0.01,0.01,0.02,0.62,0.91,0.03,0.01
ab-test-001642,0,04ee2f388b122aeb66b23ff385005f22b34db4c4a8d1f88dfda3feec118806b6,jev-latest,0.02,0.98,0.03,0.67,0.91,0.2,0.04
ab-test-001643,0,d5804b0c7c9bc22c00eb23de8b32a3092033f9e74f87c8499bb1beb9d02b11fb,jev-latest,0.01,0.02,0.01,0.8,0.97,0.18,0.02
ab-test-001644,0,8b6e7e5e69ecb7371903ff1cf738a1d926f49125a1864f356f6b17ff03712da5,jev-latest,0.02,0.99,0.02,0.89,0.9,0.07,0.03
ab-test-001645,0,b92840bbd5dfcd51990c1ccbc572f391d013098c7181a564d7ecece0f41ac789,jev-latest,0.01,0.02,0.02,0.91,0.89,0.04,0.01
ab-test-001646,0,389572dcb33e998396c53f26b5b1d256ce7bbf326c20c4e2cf37f71b7afdb690,jev-latest,0.03,0.99,0.02,0.92,0.96,0.05,0.03
ab-test-001647,0,d1cc223d50cab59e4ab259ab94ca7040571a018d61b2fa480aabb090128a6090,jev-latest,0.01,0.01,0.01,0.92,0.96,0.04,0.01
ab-test-001648,0,afd78bec4a0b042667690f2a5a63d331ef5dee0bb5d72cf4db631a33d5901432,jev-latest,0.03,0.98,0.02,0.86,0.94,0.15,0.06
ab-test-001649,0,d5339d211eb3f48347067670041aae8bb8dbf1154612d765becfb6c668d1ca72,jev-latest,0.01,0.02,0.02,0.94,0.73,0.07,0.02
ab-test-001650,0,9fd2b8375c7a7aa96028537667fdeea1d6697ff905da4eed16a97192e6e221fc,jev-latest,0.01,0.98,0.13,0.73,0.96,0.18,0.03
ab-test-001651,0,013cf3c47c024c6d76bf56a397d4217933077a3e12dc2466515936b0ee7d76fb,jev-latest,0.02,0.98,0.02,0.61,0.64,0.09,0.02
ab-test-001652,0,7b1bb32af808fe9eb13287a5ef62370d9baa23bde39a4ad84a9faa3e92972e66,jev-latest,0.04,0.95,0.08,0.89,0.94,0.12,0.09
ab-test-001653,0,1c2bf6642559d1bea3920e0e78e55989d08cdf983cd276094069b32a4f3eff63,jev-latest,0.01,0.98,0.02,0.69,0.91,0.04,0.01
ab-test-001654,0,49ed465b617aa84273bf30f05e725a6e9ca83e5a357a2ef90c55c1053cd6b520,jev-latest,0.02,0.97,0.03,0.76,0.95,0.08,0.07
ab-test-001655,0,337abdd66f9696caf5c546709020bb9ea219efc146aa3182b75a465bce46e2a4,jev-latest,0.01,0.02,0.02,0.91,0.91,0.06,0.02
ab-test-001656,1,bbdb4a29aa576190ff9e1c4c7230b5f786ba7b727fbc42b7fb5faf5318b24a2f,jev-latest,0.88,0.97,0.94,0.94,0.34,0.18,0.94
ab-test-001657,0,daea624e5463120be5d141f4eb24a227b5e841abe63e860e429f3bff4a3ee696,jev-latest,0.01,0.98,0.02,0.29,0.5,0.08,0.03
ab-test-001658,0,f10223429c77419decfe0ccce20c101c49995e9ac25759da8488e8e8c4703b49,jev-latest,0.01,0.01,0.01,0.86,0.68,0.07,0.02
ab-test-001659,0,1f507c66b0427d494df490d95d917032bdb4a6fa50913ce07607f0bb13c26d69,jev-latest,0.48,0.95,0.1,0.86,0.57,0.14,0.74
ab-test-001660,0,0f7b28e772ed95492c414b1f2d1b33b09b2a668e5003693b8bccdf551b6ad11b,jev-latest,0.01,0.98,0.02,0.68,0.96,0.12,0.02
ab-test-001661,0,3908c4bc3ba96a510764cece403c800be8109a707ded870f93cd668297bf9a1d,jev-latest,0.02,0.98,0.03,0.86,0.97,0.1,0.03
ab-test-001662,0,95c9546371e064da842e6028a24cf79f4a9dddc41166bf5ec8f8b8bf73128cc4,jev-latest,0.01,0.02,0.02,0.88,0.97,0.05,0.01
ab-test-001663,0,fa4a802225bcbd39605c67e9128dde94ded204c421a7bc51d70f18dd1b0fadad,jev-latest,0.03,0.98,0.02,0.95,0.8,0.05,0.03
ab-test-001664,1,27fa63753c970492fbddd9e28403a5088ea158a4689db69a04ab7c8d0239c557,jev-latest,0.85,0.94,0.97,0.93,0.44,0.14,0.91
ab-test-001665,0,ac6e041082cbc87bf35d3370c405a8d3d287d419caf1f3eb226b675c645d114e,jev-latest,0.04,0.98,0.02,0.92,0.8,0.16,0.1
ab-test-001666,0,3012ed18aaee96aab0832c576f29683c6cdc5f0633267a715e59124998a30141,jev-latest,0.01,0.98,0.02,0.93,0.95,0.06,0.03
ab-test-001667,0,d942b9ee00e068155974cf8bbc3b59272b3282e13027d02621e8944b6df9a3e0,jev-latest,0.03,0.97,0.1,0.86,0.95,0.09,0.08
ab-test-001668,0,59ae642b98c06378002e42c4de2ca26929a707cb7dda605800ed47b0ced7b441,jev-latest,0.02,0.96,0.02,0.63,0.91,0.1,0.04
ab-test-001669,0,c234cc5078130572dfdabc0281390231333672c889de0f2348c4a7a4cfc097af,jev-latest,0.12,0.98,0.34,0.89,0.93,0.11,0.35
ab-test-001670,0,92518c1df3bddf0c6b91dda24bd96441e7d2e89882f3a61916ddafc978ac1374,jev-latest,0.01,0.98,0.02,0.92,0.98,0.05,0.02
ab-test-001671,0,493f8d69cd4d1ba92e9935d7df468da31616346a7c98ee3902bb945a7a7400fe,jev-latest,0.02,0.99,0.02,0.93,0.97,0.04,0.03
ab-test-001672,0,858d022e7b064bb82de7dc4cba4581aaa1720080799814d9d4f707c0f3051b6c,jev-latest,0.11,0.98,0.03,0.72,0.74,0.59,0.14
ab-test-001673,0,094128d249993f7abd0c5bcb8e5597524d3040d62d8784653475b974c8295dc2,jev-latest,0.01,0.02,0.02,0.94,0.85,0.03,0.01
ab-test-001674,0,a3ed79cb15617ce304ae363233ebe8370997acafd1ed78392ec6f040681f37ed,jev-latest,0.06,0.96,0.12,0.81,0.9,0.12,0.15
ab-test-001675,0,f4b7457438c40b2b4fd664d4af01218bed485274fda6b07d6848ac03e0ffb95f,jev-latest,0.01,0.98,0.02,0.65,0.82,0.07,0.01
ab-test-001676,0,fd8b0e3cb5e501ec032b7d08cab065d064baa730a7db525e5f804406040c04a8,jev-latest,0.01,0.99,0.02,0.94,0.96,0.03,0.01
ab-test-001677,0,2b7a48a50ddd4e1c1f58a89f0fe3a27145271c8cc1c97b9849d2bcde97645f2b,jev-latest,0.01,0.81,0.02,0.13,0.81,0.29,0.02
ab-test-001678,0,caee99b01abfc1869f901fc82a01cc90d82e4eadc28f3b7607d1698fdc98229f,jev-latest,0.01,0.02,0.01,0.88,0.89,0.03,0.01
ab-test-001679,0,c11513f6fb5a3905fa419acc29cdbb70d97240419d9640e91ef1d03a5ab41b5d,jev-latest,0.01,0.99,0.02,0.93,0.95,0.04,0.02
ab-test-001680,0,bd4fdfee36a7cfed18c4b030e1de842d5c677de66d637e42a754520f6c075839,jev-latest,0.09,0.74,0.03,0.53,0.61,0.42,0.12
ab-test-001681,0,7807b92fc4819bf415af8e01f2d6ff6a8f741cbe60e03fb8bbe4ce4a461fcc06,jev-latest,0.03,0.98,0.02,0.86,0.73,0.11,0.05
ab-test-001682,0,77f3ed71186b14f32a3e697fba160555be953920964b218093d419f3650f0cc2,jev-latest,0.01,0.98,0.03,0.04,0.63,0.77,0.02
ab-test-001683,0,58b408af4ccf978a768162e235301e79e7093189d6607feb25f7cb7e46fbdc47,jev-latest,0.05,0.99,0.02,0.94,0.57,0.05,0.06
ab-test-001684,0,18fd022d2e984b266acd8e5fa173165da78bea652ce01df99ad3db8bfdf28df6,jev-latest,0.01,0.97,0.02,0.03,0.97,0.04,0.01
ab-test-001685,1,c61e01b58a147e56948032a07c5880137d5b7edac4e1b4a4ccbbe2ac50df8359,jev-latest,0.8,0.87,0.95,0.92,0.32,0.14,0.89
ab-test-001686,0,917bd02b3f98e956d8412f64e5a678d9b3c4ffa57da06843de0d8c3fbd3be271,jev-latest,0.01,0.02,0.02,0.91,0.64,0.07,0.02
ab-test-001687,0,a4dca266aa20a4b23acaeffa97b77fe3510c2f86d472941b7696a0be68c25118,jev-latest,0.01,0.98,0.02,0.87,0.81,0.1,0.03
ab-test-001688,1,fa976d2d8203637da60783e79970823cf432da454f8d1909780ff2779269f8e6,jev-latest,0.9,0.98,0.97,0.97,0.52,0.06,0.95
ab-test-001689,1,ac28fed9fbff104932f4fed4b47c2e0db2b656dabc0476cee4fc34f14c8718d2,jev-latest,0.95,0.99,0.97,0.98,0.1,0.05,0.97
ab-test-001690,0,fdb7db2aa95fff108ba52d7cd8b4c940dd09c8ad9f4026c6f9e6d46cc0ccc493,jev-latest,0.01,0.02,0.02,0.88,0.87,0.09,0.02
ab-test-001691,0,17df1d602ea5cebfdd607830716d226365f02088886962a65f7cee48f9de9f6f,jev-latest,0.02,0.98,0.02,0.8,0.71,0.13,0.04
ab-test-001692,0,3d1f93c0226ce29f05ad281eb3de922e96d76e71f1e4782e24902711eeede356,jev-latest,0.01,0.02,0.02,0.86,0.87,0.05,0.01
ab-test-001693,0,5f88279e05b7df87541daffd8cfd613e719dbffe603602592341e34758ec7c41,jev-latest,0.01,0.99,0.02,0.02,0.88,0.03,0.01
ab-test-001694,0,ccca448f009671df5d92939de86583a17dd5756d2a36974fe741d0e254789a37,jev-latest,0.01,0.02,0.02,0.42,0.58,0.09,0.01
ab-test-001695,0,edbac4c2f51feb2ba4ab7d547d52a8c506a264575b411d66857e5d705073fdd8,jev-latest,0.01,0.02,0.02,0.94,0.86,0.03,0.01
ab-test-001696,0,3335393ad77f1956ea5dca640051a1d86ffad90b868d7554bc31b0137916063d,jev-latest,0.01,0.01,0.02,0.65,0.87,0.03,0.01
ab-test-001697,0,c87547faedb959f5a53951e4bdae67746e468758f18dca0dd68c38bbc2075fa4,jev-latest,0.14,0.96,0.03,0.71,0.64,0.37,0.24
ab-test-001698,0,fe486dd255d1060c9f8ce37e8877d25fe949aed48ec4a2e37f705610e77a44a8,jev-latest,0.01,0.98,0.02,0.83,0.92,0.06,0.02
ab-test-001699,1,0e448563e4ca759f2a6154b4afab080d1e79f783c1d0871abaf7656b7ceb1cd4,jev-latest,0.96,0.98,0.98,0.98,0.18,0.05,0.97
ab-test-001700,1,aac693db05d0a8f070fc11ffffb1dd0c1210c7feed6f5011181026d516cee0cb,jev-latest,0.76,0.98,0.1,0.96,0.45,0.06,0.84
ab-test-001701,0,87e4db536b9c3c6f9fa10286402e9d99ebe56c487c43a3c86d28f28639fe216e,jev-latest,0.01,0.98,0.02,0.1,0.98,0.12,0.02
ab-test-001702,0,44c72f9d4c67c02a9cb396f8e57cd949c380835a69aa673f5c3d914058891678,jev-latest,0.01,0.97,0.02,0.03,0.91,0.09,0.01
ab-test-001703,0,693f4127993ea64292ea357a81279ca66eddca60d1f5f4b0a017e01e8f26dbad,jev-latest,0.01,0.98,0.02,0.91,0.96,0.05,0.02
ab-test-001704,0,c863311f058b558855a85a238db1ce003e49ac29941f0d377a21b2129f5f36bc,jev-latest,0.01,0.99,0.01,0.93,0.98,0.04,0.02
ab-test-001705,0,c0fcb8aec7c95a5d0483e4cd1ab6fbd66c4df3e4fd291a581bd69ec15efd55f2,jev-latest,0.01,0.02,0.02,0.94,0.69,0.05,0.02
ab-test-001706,0,8da9498feba04a25bb5c7909da5f47a0e76c2807420eec50760222bc9040c7b8,jev-latest,0.02,0.99,0.02,0.94,0.97,0.04,0.03
ab-test-001707,0,56eb441bf7febc812db5e9702e2e0d5627220593f8deb6e43588c6cead6bc003,jev-latest,0.01,0.98,0.02,0.59,0.71,0.06,0.02
ab-test-001708,0,41cba13ac63d10ead75cda91f4c9eb6cf3c002fe6cfd034a4cbbf5a78ccf34a9,jev-latest,0.01,0.02,0.01,0.88,0.86,0.05,0.01
ab-test-001709,0,075898418fbbacb48867a0d55ae0430bc64ed41a1e145a416e38ac3fac9ef169,jev-latest,0.01,0.01,0.02,0.73,0.91,0.03,0.01
ab-test-001710,0,c55a9db1b249d70d9e7d44687f8c76b51ee9f3c0fe3deeb5680a72cf1566ed08,jev-latest,0.01,0.02,0.02,0.03,0.75,0.61,0.01
ab-test-001711,0,240cfdb1b52fe36784483af7abfda9d73913703c8dee3e6e5f9ab0224005b3da,jev-latest,0.02,0.98,0.05,0.08,0.87,0.19,0.03
ab-test-001712,0,e92d512ef4f7f51499679d04005421730a0e28bc9dca2b7f6cf7ed73e52b78c5,jev-latest,0.01,0.01,0.01,0.57,0.96,0.03,0.01
ab-test-001713,0,b4dd0b0ac715e40034e5d3921516362ff1dc0571b640a1bbaa81f1f9b0fd97ae,jev-latest,0.07,0.96,0.03,0.78,0.91,0.19,0.18
ab-test-001714,0,651613c033995fdb009edaef0e8ef989cadccea1d11dde13bd50d55d841ea2dc,jev-latest,0.01,0.98,0.02,0.82,0.98,0.1,0.02
ab-test-001715,0,073256c540ffa8955ddbcb51634307f7da4a58e56abfec657d29aa2641726095,jev-latest,0.01,0.98,0.02,0.86,0.97,0.12,0.03
ab-test-001716,0,6b90b7e821c03c5c0e0c7688683b60335dc05045e496b4028fe35b971b9688c6,jev-latest,0.01,0.98,0.02,0.18,0.94,0.05,0.02
ab-test-001717,0,a7cb482de233f519499b81c25e138eb583356a0eed9a8a748025b045e33ace47,jev-latest,0.01,0.02,0.02,0.88,0.57,0.04,0.01
ab-test-001718,0,48dbeed114695d313314538ae58a96072b6a1b8a8052a2b9568a6d94e2de6932,jev-latest,0.03,0.98,0.03,0.84,0.94,0.05,0.05
ab-test-001719,0,411f36160e9d58ca9e19081c0e2e329584961fe8dfa1d4c26109cd5e58f8f2f5,jev-latest,0.01,0.04,0.02,0.88,0.62,0.07,0.02
ab-test-001720,0,ba68bf5f792ccce05489f6740b1c6f9dd719e8d2c1b745a44d47cba846555c01,jev-latest,0.06,0.98,0.02,0.92,0.94,0.08,0.13
ab-test-001721,0,ddf7bca2731cfa4601b967da4163a9068ff740f28745938b265111b16db46749,jev-latest,0.02,0.19,0.02,0.33,0.63,0.59,0.04
ab-test-001722,0,d13803c018e25a000b0067584e46ca7e2c562a33dc3c558e4276874335b74bee,jev-latest,0.02,0.99,0.02,0.95,0.97,0.03,0.03
ab-test-001723,0,8d1d08bf028f37ea12c658bac70ebd30d4edb3abade10bff3f970bd72d74544d,jev-latest,0.01,0.02,0.02,0.84,0.67,0.08,0.02
ab-test-001724,0,c7db135742617ed91b9ed9339e7675d576fd55d4020112e15c771804d7871ed0,jev-latest,0.02,0.98,0.02,0.85,0.92,0.12,0.04
ab-test-001725,0,d2e5d59988427a0538285881787c925ef5a7ff317bbc856aa6be4dc4c4cef6d0,jev-latest,0.01,0.98,0.01,0.49,0.84,0.06,0.02
ab-test-001726,0,f322e5496e16724b38a0b8c5decaaa90ada6c58098365e8e242f029b88c802a2,jev-latest,0.01,0.98,0.02,0.23,0.88,0.33,0.02
ab-test-001727,1,5af8b1c697d84cb7c5e32f9b24688de9bbd1b240c4891245c41ef01af4d6f318,jev-latest,0.94,0.97,0.91,0.96,0.14,0.08,0.95
ab-test-001728,0,13c2ba4e70a0b62161d39b5b11b4e718584529cc6ff5aae3aa05b1a3b4851c2f,jev-latest,0.09,0.98,0.04,0.93,0.86,0.14,0.2
ab-test-001729,0,afff0beab9f41c19ecce402680eca48231ab95b6182cbb579c2099f683a14934,jev-latest,0.01,0.98,0.02,0.67,0.95,0.06,0.05
ab-test-001730,0,64f473a9867ddc15b646f7e84e807f85740fb5171edf8cf429719dfa3bee2d20,jev-latest,0.03,0.99,0.03,0.94,0.96,0.05,0.05
ab-test-001731,0,17752cb1c56aa922865edb949ddc3253c6930628bea63bbe06857c7e4eb36873,jev-latest,0.01,0.02,0.02,0.1,0.8,0.07,0.01
ab-test-001732,0,f6a8e2bf99e286aa45d404c2d2caca07a1465473f7ba37e9d7d72f41b72ad221,jev-latest,0.02,0.98,0.02,0.61,0.95,0.13,0.04
ab-test-001733,0,18bbb2eeb2e52303be46e6c6a5828c2d539414f78961ba93f49ff0f0837142b1,jev-latest,0.03,0.97,0.02,0.52,0.35,0.26,0.05
ab-test-001734,0,96f6fed60177ea57413b1246813475acfbe6465936adeebdb8cbe5093ce70fdb,jev-latest,0.05,0.84,0.03,0.51,0.33,0.46,0.06
ab-test-001735,0,7de487b3b4ca2c59c968a7894119bd025dbb207990d58751ff7cf8270d66b30e,jev-latest,0.01,0.02,0.02,0.95,0.72,0.04,0.02
ab-test-001736,0,05a2fcd62c69f5f727c785a95393a8a49a001aa340d9e07ecba2f881e2e33f3d,jev-latest,0.01,0.99,0.02,0.54,0.91,0.04,0.01
ab-test-001737,1,3f1a239b1183e20ece50c43fa4b92fd5fa537010fd2e20c65c5d0871f930c690,jev-latest,0.95,0.97,0.92,0.96,0.12,0.06,0.95
ab-test-001738,0,c29a55cd0bc19e31ecb118d825d433d7294876f1f40662a51d7a60f8ccd29eeb,jev-latest,0.01,0.98,0.02,0.12,0.96,0.09,0.01
ab-test-001739,0,2eea747774f9d1690c29d9b12bb1f5155fe3a68e781d96f8fe76a1f01e662e57,jev-latest,0.01,0.97,0.02,0.23,0.94,0.35,0.02
ab-test-001740,0,251d2264a804089594ce357d5078afc129e8d26580f263b529746755687323c9,jev-latest,0.06,0.98,0.02,0.79,0.89,0.08,0.06
ab-test-001741,1,43f1cc00bef5795b18730e8386a30d0596d6b5d13963390fce68cd519da5e646,jev-latest,0.88,0.98,0.87,0.93,0.26,0.15,0.91
ab-test-001742,0,b4027323734232be48fd12fd3e9cecab112c1b824fa54ea9eff76febda98f30c,jev-latest,0.01,0.98,0.02,0.94,0.96,0.04,0.02
ab-test-001743,0,67ae07462a7042455137f58ef59484161ad130904abf4bde1f6d9b33ea1f3556,jev-latest,0.07,0.98,0.02,0.86,0.86,0.19,0.09
ab-test-001744,0,3c966d6e8c52ee07f6258bfcff5592bb9c7bb8c07f26d4e518c49eb716c24cb6,jev-latest,0.03,0.99,0.02,0.93,0.78,0.06,0.05
ab-test-001745,0,e201c96162ff52f6fae01ae760be2f0beb45909bb8e4887b233557e7172cb20c,jev-latest,0.01,0.02,0.02,0.24,0.66,0.04,0.01
ab-test-001746,0,59965644cc99e516509b9d8cf9dd93cb74d3eb0f0e6b718996f35e76d4286187,jev-latest,0.02,0.02,0.02,0.51,0.8,0.2,0.03
ab-test-001747,0,d314a92701dc579aae1419d2b3e1b2e517dbabc7b4540826f4c7d85109e06129,jev-latest,0.01,0.02,0.02,0.04,0.92,0.25,0.01
ab-test-001748,0,25005e985427ab662a0c5bd0c2978edef64e73d63ddac8b16f6a4025cfa36819,jev-latest,0.01,0.01,0.02,0.08,0.8,0.12,0.01
ab-test-001749,1,473b5371ac6c42b780dc870cc8e32fad5120dc3eada1f551fbec651e10ac9e58,jev-latest,0.88,0.98,0.97,0.94,0.3,0.14,0.95
ab-test-001750,0,ecf9098df21851505fcd7753af36ca7b4a2efa606e2a4d8000b6b4a5270e67c9,jev-latest,0.06,0.98,0.04,0.9,0.96,0.07,0.25
ab-test-001751,0,5e3279d2b8989409889bd814afce6e18800fd5617d4067f5714a51255a42f524,jev-latest,0.01,0.98,0.02,0.1,0.64,0.52,0.02
ab-test-001752,0,b192dd03a05d2096eeeba46c21282ea57d38cbb7d3f4781e9f1814217a7ec1d6,jev-latest,0.02,0.06,0.02,0.84,0.63,0.07,0.03
ab-test-001753,0,b1010eed4b023a685e642bd1ecb6692b0bc46d513cab3cbecf19ca8b25d154b9,jev-latest,0.01,0.99,0.02,0.04,0.7,0.8,0.01
ab-test-001754,0,871299a8e2e86bb65f6b5fa3331deed5c18d62657596d1ee269906b5706a567e,jev-latest,0.01,0.98,0.02,0.14,0.5,0.38,0.02
ab-test-001755,0,1401a95a1864239abe71b96d0dc5cdba673aee69139cd267c455c6d5e1768bec,jev-latest,0.02,0.98,0.02,0.89,0.74,0.06,0.03
ab-test-001756,0,43c2c6ace1cb6e7881bed5d62c9864dd596e15a0862d077f3db93d90e64e0a2b,jev-latest,0.02,0.98,0.02,0.18,0.94,0.72,0.03
ab-test-001757,0,7ee6f8a839619a190a290f53ccd9a2bef9b46bc7c0650c845ffbe8db9e48195d,jev-latest,0.01,0.02,0.02,0.94,0.58,0.04,0.02
ab-test-001758,0,1ac525bd5ef505a5f83efa4d230f831515e17e3ce5177e5bf61e98cd6c267832,jev-latest,0.01,0.02,0.02,0.77,0.64,0.1,0.02
ab-test-001759,0,b1d29b98aa1724c899a1213959f807bd9872a5bbfd5d4d4cded47a2ac0324ef7,jev-latest,0.02,0.04,0.02,0.91,0.63,0.06,0.03
ab-test-001760,0,5212f90f0aec65124460845d75663d3934dfbb005569e3a9c4b56e260d6ea02d,jev-latest,0.01,0.01,0.02,0.92,0.78,0.04,0.01
ab-test-001761,0,31b49fc17848704556ae7f1004c1f29a0e4433963d25382eec3058db24ea1e96,jev-latest,0.01,0.02,0.02,0.81,0.4,0.08,0.02
ab-test-001762,0,27ae0ce547ac89edda815c158946e69edef50d27a94e0df7637ffe0a0c88afdb,jev-latest,0.02,0.96,0.03,0.83,0.97,0.11,0.05
ab-test-001763,0,55fee5c73218c81b45f1448714a7fb007983c83b25f105f846f3840818777db9,jev-latest,0.01,0.02,0.02,0.95,0.86,0.04,0.01
ab-test-001764,0,35142c4f503eef518519b7d7b025ed104f48f1cec42af00cabe2506381eb7fa5,jev-latest,0.01,0.98,0.02,0.62,0.96,0.06,0.02
ab-test-001765,0,7939d9bc79f896915f8f9b0996a9d314614394a92449532f636ed528e3c4587f,jev-latest,0.01,0.99,0.02,0.95,0.95,0.04,0.02
ab-test-001766,0,2353c4d94f0c9e95c4285f5332f940b59795f625649ecd07cc50d5f22a9e9289,jev-latest,0.02,0.98,0.02,0.8,0.63,0.09,0.03
ab-test-001767,0,ebb0d9aa554ecf7339734cab33c3b87a2479c79f267ac4f43e1a7050ee158e17,jev-latest,0.02,0.99,0.02,0.93,0.97,0.05,0.02
ab-test-001768,0,f14ea9f38e0fae901647f52768950784f48a4a68f0509b02a1ed6cd7d2a7104e,jev-latest,0.01,0.98,0.02,0.06,0.83,0.54,0.01
ab-test-001769,0,6d2a107713e6fd2f8fc178c6a01eccaa8aa864d84c3408c3a0384529ce186803,jev-latest,0.01,0.98,0.02,0.89,0.8,0.06,0.03
ab-test-001770,0,40e38a82fd4638764f3334cb486cbf0952d79dbf748be330f4a622dc62c2c870,jev-latest,0.02,0.98,0.02,0.88,0.94,0.16,0.05
ab-test-001771,1,9f4fe3a500e854c6fdd2dd89fd296a5111d0219f00fea1d8ac8fb62ab15bf85d,jev-latest,0.93,0.92,0.98,0.96,0.16,0.09,0.95
ab-test-001772,1,bfec8383f99f441940a3da3790f37b974d0c2111864448b365cc922683a1fc7b,jev-latest,0.87,0.97,0.96,0.92,0.21,0.15,0.87
ab-test-001773,0,8243e3c8bb1cd7491b6b1b9651411334be76d2bf92f8b31dffddcf5ab1681b91,jev-latest,0.01,0.98,0.02,0.24,0.85,0.05,0.02
ab-test-001774,0,013bccec3633e08212f441300b835677e26d6aa54400080191f1dcec502fc2e8,jev-latest,0.02,0.95,0.02,0.82,0.89,0.23,0.07
ab-test-001775,0,06f0d417ffbeaf589535b92643beb54832b07ffd2375be6f46bf89056a239f3e,jev-latest,0.01,0.98,0.03,0.06,0.52,0.84,0.02
ab-test-001776,1,5925fc6b77550c73378196073d8088305785c3870f7a537d1c8956ba77ec5d5e,jev-latest,0.87,0.98,0.98,0.93,0.41,0.1,0.94
ab-test-001777,1,7ed36034b9e174c84bd5b497bae7b1dd5f2fd84d3ad25896117b4cee1325c8ef,jev-latest,0.97,0.99,0.98,0.98,0.1,0.04,0.96
ab-test-001778,0,04da7d296e900e68da178ca9feea1e664b6716e1e95d99010b70e0f59cf579ff,jev-latest,0.04,0.99,0.03,0.96,0.94,0.05,0.11
ab-test-001779,0,8bf961a8db17f56c16b59d7003958f2320b45274e24bca0d53a56dde1ad39ab6,jev-latest,0.01,0.99,0.02,0.92,0.96,0.04,0.02
ab-test-001780,0,c1ea160ab4a16cf14129e3cc5467195e91244d4d773305d4b0583f21455929d4,jev-latest,0.01,0.01,0.02,0.92,0.87,0.03,0.01
ab-test-001781,0,de7d7d0d23b90dd24a8e77032ed8c6cbac07d1145c2829e07c473fdcd388a7d7,jev-latest,0.01,0.01,0.02,0.93,0.85,0.03,0.01
ab-test-001782,0,e379b4c575f8c894a055d5daefbac87bf85a31397fd12bf1d4e7bd42dbd643ce,jev-latest,0.02,0.98,0.04,0.07,0.39,0.91,0.03
ab-test-001783,0,0fa77c143e47cac527b6caea1c1e1601e2740786f5cc1fe94d1f4abed53208e3,jev-latest,0.05,0.91,0.04,0.88,0.73,0.18,0.08
ab-test-001784,0,3e604702f4017179ccaa2faf438c4006f2e3b8bac8557e6c3ea1ead4f86b9544,jev-latest,0.01,0.02,0.02,0.85,0.95,0.08,0.03
ab-test-001785,0,ac8cab5bc137776c88df62d8504fcc5950167a908fa7cad377e267cd050b64d0,jev-latest,0.51,0.97,0.21,0.84,0.62,0.22,0.63
ab-test-001786,0,aa3edf5098b7ebdc7f7a6f3703f451a7ce72fb5b14cb4287ac84412ac320d2bf,jev-latest,0.04,0.98,0.02,0.94,0.81,0.07,0.05
ab-test-001787,0,c45d4eab73eef811b302f707a7b69262a546d987c5de51e6facf6521ea06ea4f,jev-latest,0.01,0.98,0.03,0.05,0.8,0.9,0.02
ab-test-001788,0,5207a7b85a753714fd078ae4e694254328d22d6ef1e542b7f32f9c4aa41befeb,jev-latest,0.01,0.02,0.02,0.81,0.92,0.04,0.01
ab-test-001789,0,fd78f5cdb15f2ceca3ece729277e0bd0f396a28da06c3c450cf1145304ff3db8,jev-latest,0.01,0.02,0.02,0.88,0.84,0.08,0.02
ab-test-001790,0,dc3bb750ea9d34d84275ca8b356df95b805954ad8bcb5332d0419c57e9a33f9c,jev-latest,0.87,0.98,0.11,0.96,0.18,0.06,0.85
ab-test-001791,0,a03578ca6e13cd1e4e4abb031129fef80a67963bef464b8f3e3080137ffe00cb,jev-latest,0.01,0.98,0.02,0.94,0.86,0.05,0.02
ab-test-001792,0,f81a20c1ebe940728ebff027bf11e2d711d73c94171209db68a62dd551a9e9ca,jev-latest,0.01,0.71,0.02,0.06,0.75,0.73,0.02
ab-test-001793,0,ae5f446922e7ae29529cf3454b68ebebab84e9c04f2d284d00cb723d76073b41,jev-latest,0.01,0.98,0.02,0.84,0.93,0.05,0.01
ab-test-001794,0,175e99f533076d69a03c1763722945abee98190467842a1f9a775394e367ab58,jev-latest,0.02,0.98,0.02,0.94,0.96,0.07,0.04
ab-test-001795,0,8c182d93417bd5709d0c11949ae91e6377dedd01300b08db14ea38843b09cf71,jev-latest,0.01,0.99,0.02,0.92,0.97,0.03,0.01
ab-test-001796,0,7ab76d8894a1b953a63804ecba6c36a7eec6485f8ed4b0f5647033228bb37fea,jev-latest,0.03,0.98,0.02,0.93,0.78,0.07,0.05
ab-test-001797,0,dc5e97769839d64a8598c8c10e4b4fa0e0da8eb03f55b2226c679ea778145fbc,jev-latest,0.04,0.98,0.04,0.9,0.84,0.08,0.07
ab-test-001798,0,a2b0bd1ff614c88ce1736da822cfca04ed9db167a5f819cdf601610f11e54bf9,jev-latest,0.01,0.97,0.04,0.05,0.83,0.63,0.02
ab-test-001799,0,617ba467b4dd98a7c8301f216b005193ab7820934204af5208ea30f5e95ad728,jev-latest,0.01,0.99,0.02,0.91,0.97,0.04,0.01
ab-test-001800,0,0874242c9ecdc9fb3c61f5f2ed2af590bb52c3ea80f875a5148a6b0ae67e4c8d,jev-latest,0.01,0.99,0.02,0.56,0.91,0.04,0.01
ab-test-001801,0,3a1fcee97cde9c8464268c5ab3d462fd9b9ff383fa9bd250ab5b7aaf45859e5f,jev-latest,0.04,0.96,0.02,0.53,0.36,0.67,0.08
ab-test-001802,0,68ed0d530d0a672018b79410f16fe51ae6f5d23593084c1ffb2179703cfec7f4,jev-latest,0.04,0.99,0.02,0.92,0.87,0.09,0.06
ab-test-001803,0,c7aaa01f442d9a296b14d35a01a4a365e0dd7e214465377ef4d7f0441404e714,jev-latest,0.01,0.02,0.02,0.88,0.95,0.08,0.03
ab-test-001804,0,9d095edb1c504f4c18811ebf1d8c156656e53ae10871ac984118a4a5515742ed,jev-latest,0.01,0.97,0.02,0.81,0.97,0.07,0.02
ab-test-001805,0,7ba47458692db0b9fbbebb83d3e6693bf04dad4ed9aaadc65cc9dfc97085c859,jev-latest,0.01,0.96,0.03,0.6,0.97,0.1,0.02
ab-test-001806,0,520010b9eedd1b68cac226d70da1f15bbc1cdae451fa5f29d9f4dee77918a59b,jev-latest,0.02,0.99,0.02,0.95,0.98,0.05,0.05
ab-test-001807,0,50ee3528e9f94fd0adf2a578b71e31f04e51569d4d51cb66b3f04ae727a9a406,jev-latest,0.01,0.97,0.03,0.87,0.98,0.11,0.03
ab-test-001808,1,d1c191fd2f8d55dff2b8fd4f831408b319aaf3d1722570f32bdaa958d52a2c42,jev-latest,0.81,0.99,0.98,0.91,0.33,0.09,0.94
ab-test-001809,0,b9c53902a4075f2a5780c6d4de6f804fcb3ad01d44df35feb8d13f652778187e,jev-latest,0.01,0.99,0.02,0.57,0.91,0.06,0.01
ab-test-001810,0,8c08a1a3628f122dc483598a3350173ddd0505292ed604de59a9e13c3fc119d6,jev-latest,0.01,0.98,0.02,0.02,0.8,0.03,0.01
ab-test-001811,0,57ed1ec15ef4aace29412392b15ca95886981e259af531387905f97cb60a9e38,jev-latest,0.03,0.95,0.03,0.86,0.93,0.21,0.12
ab-test-001812,0,b540efea0c1026280744afd38d84235c4cb734d6418eeac7aec7a95ee22f0eb3,jev-latest,0.01,0.96,0.03,0.05,0.89,0.86,0.01
ab-test-001813,0,323d6ac3d5bcc000b003efa448923a6f791ce4a6a4c2b336b6fffbc5195a7203,jev-latest,0.01,0.98,0.02,0.4,0.43,0.43,0.02
ab-test-001814,0,1641e2606caece14ce4dfc425a024fd1708e838a5bded546055a1927b2a7eb3d,jev-latest,0.08,0.98,0.03,0.94,0.87,0.12,0.19
ab-test-001815,0,69e28a43d125e3a0dbbb82fffc05109e1461d1be6c595d182617b7ad110c761b,jev-latest,0.03,0.98,0.02,0.4,0.66,0.11,0.05
ab-test-001816,1,5b41cebfceb0a8adf71369873fa0aff9613bab3c3ded19c32f538bd9297ded77,jev-latest,0.81,0.95,0.91,0.87,0.18,0.29,0.88
ab-test-001817,0,b790ba5fb634fa2c6443c64a1c7a6d96993716a8d06129b244271bdc20704d1d,jev-latest,0.01,0.99,0.02,0.94,0.96,0.04,0.02
ab-test-001818,0,213f1b9ca397ce175a6372ec6055d0a9aec0f992446a12ecdaf127f3f01eb49e,jev-latest,0.01,0.98,0.02,0.84,0.94,0.04,0.02
ab-test-001819,0,1cf7e297e99a76cd4eba7827d584028ff1d6e32d2fcd97b8587092a5860f605d,jev-latest,0.01,0.99,0.02,0.93,0.97,0.03,0.01
ab-test-001820,1,eba5da8f3752a58d2d48a126c2e5f957f8049c6f18ae6bba66528082794a9b79,jev-latest,0.85,0.98,0.95,0.93,0.27,0.1,0.9
ab-test-001821,0,ae6137019553add051974fbc2f314591ad8a8c0070eb3200f4f447b8160226fc,jev-latest,0.01,0.02,0.01,0.94,0.41,0.05,0.01
ab-test-001822,0,100dde70c05b20b53ae9a491afbaa7675028b58d22941cb02e0a3c91adb2bfff,jev-latest,0.04,0.98,0.02,0.84,0.81,0.14,0.08
ab-test-001823,1,b4cb275b3284bea2e3e4386a4fea0d2372df2449e5e477be2c9367aa1bc25b08,jev-latest,0.96,0.99,0.98,0.98,0.13,0.05,0.95
ab-test-001824,0,8313630f0f93e36e25d7357df0a2ba9bcb85a96cf96802b466155e6bb3966607,jev-latest,0.01,0.98,0.01,0.1,0.76,0.05,0.01
ab-test-001825,0,9d4837bccd096a1dcef00207ce9a995cb704a08131cc775b9562fe00443a78b7,jev-latest,0.01,0.02,0.02,0.93,0.84,0.03,0.01
ab-test-001826,0,46141d8830a05b0a0df7e5fff789c533db3aba31c991c13c2f5108984f768b19,jev-latest,0.03,0.99,0.02,0.92,0.97,0.04,0.05
ab-test-001827,0,f0f22016faa419478026a1c92a00fe964c62ed57e3dddcf3a38458cd5168c7c5,jev-latest,0.01,0.98,0.02,0.88,0.62,0.07,0.03
ab-test-001828,0,e81bf87fda0ccf311dbc99b4398fbcfdf59c0a756f84348dfb4876e3ff249e63,jev-latest,0.06,0.98,0.03,0.91,0.85,0.11,0.09
ab-test-001829,0,c302e0c0605f2ed8962649a43b727602c066ee880f2232c16190fe6e2044fdc2,jev-latest,0.01,0.02,0.01,0.64,0.71,0.19,0.02
ab-test-001830,1,6608f3b43e5cdfa4bf4fc42434648aaf1ec3fa218bb7a7e1cdd16972edd32e9d,jev-latest,0.91,0.98,0.8,0.95,0.19,0.1,0.95
ab-test-001831,0,133bd4436e82b0982ea9f4dbeafbd07354e80bdc6fa8f6db25d4c78cbe8e622b,jev-latest,0.01,0.98,0.04,0.05,0.8,0.57,0.03
ab-test-001832,0,ea9edce206923ffe8cb8d579deded04b49efaaef6b1e4d005f22f1afc7abeba0,jev-latest,0.01,0.01,0.02,0.03,0.75,0.54,0.01
ab-test-001833,0,7ceb7a551d91c2406ae112af3b755d869b84c27a6e485e38003bff0c93eb249e,jev-latest,0.01,0.02,0.02,0.89,0.83,0.05,0.01
ab-test-001834,0,c1af05e69f056ea83bad432f2d9f76a70a40e5011a54748bba8ce6f55a0010d8,jev-latest,0.01,0.02,0.02,0.92,0.73,0.04,0.02
ab-test-001835,0,dbd212c46f669d9f5ca28c435fcf399c36b52fd8582df589fa173741920d97b2,jev-latest,0.01,0.02,0.02,0.92,0.89,0.05,0.02
ab-test-001836,0,75c04bf32c139fc00093a5ac4d1e4c78b18297fdc9de4d86d5d4a4cf45b62184,jev-latest,0.01,0.99,0.02,0.94,0.98,0.04,0.02
ab-test-001837,0,042865e392e6117cb341023e14cc73783eb3744dfbee58d2d3fd46372d0f99a8,jev-latest,0.01,0.98,0.02,0.82,0.94,0.05,0.03
ab-test-001838,0,11ae7a2351d4aa99c308c45dd18ff02e461d18f6386e7723556995cd12b86796,jev-latest,0.01,0.89,0.02,0.76,0.96,0.12,0.03
ab-test-001839,0,c5d10df674ad13903e5bfcfa47b0cf355d9febefaa397105f9265573c97df504,jev-latest,0.01,0.02,0.02,0.59,0.92,0.03,0.01
ab-test-001840,0,99d990887912695f9d10ddbb064e2c528637a871b7b4088bce0d5addbba96685,jev-latest,0.04,0.98,0.03,0.85,0.74,0.15,0.06
ab-test-001841,0,bea57e11373e54675cd9b70b9a7498a30018b52d9444f45b3251f843205319c8,jev-latest,0.01,0.02,0.01,0.83,0.67,0.12,0.02
ab-test-001842,0,74af29a471b3eee06b4309de4208047eb0617061a92a840c51e1a094d287d6e1,jev-latest,0.66,0.98,0.15,0.94,0.42,0.09,0.75
ab-test-001843,0,d5ba8b82535d6e83d5b4a5af9d1f1318e5a47ab048883081453eb907def2d0d1,jev-latest,0.01,0.98,0.02,0.64,0.96,0.06,0.01
ab-test-001844,1,38248aab422b965bdb046df8f9f0e6dd01751db93655cfc5cb51029232f186d5,jev-latest,0.93,0.99,0.59,0.97,0.25,0.07,0.94
ab-test-001845,0,e10217f535702586a284bfdfd1f81e7f25643806377d8894afa3aad70e604b85,jev-latest,0.01,0.98,0.02,0.08,0.86,0.46,0.01
ab-test-001846,0,bcbd5a48e01cd234b3a8f4115fa188b51b14251d43f2bd6adf466ad62a0ff903,jev-latest,0.03,0.93,0.02,0.85,0.92,0.16,0.09
ab-test-001847,0,cfa87a615e0aca59f4cad611066d6edb28de963e07bf6cbf747b21ee4c05d674,jev-latest,0.01,0.02,0.02,0.88,0.83,0.05,0.02
ab-test-001848,0,32b66ddbc99d9cea773f7eebc2c68d838fe6fbd6613b6d434d6b76f361908dc3,jev-latest,0.01,0.97,0.02,0.64,0.93,0.06,0.04
ab-test-001849,0,6b3c1f8e93d3d945b256d42be8849b1965ad6c423312ea52e23c2621396272b4,jev-latest,0.02,0.99,0.03,0.91,0.98,0.08,0.05
ab-test-001850,0,986565bfb2b823a043fe96864f44c43e585d7d8e54a1adea626d6c8462e39bfc,jev-latest,0.01,0.98,0.01,0.89,0.95,0.05,0.02
ab-test-001851,0,e61a46835ee28de23349501e1945117fcf7be1edd7eae4878ffc3dc8eec889cf,jev-latest,0.03,0.95,0.03,0.71,0.91,0.21,0.07
ab-test-001852,0,3365fef6b693346df40cdbf55ffd70437a6574018851fe4441b9081eb55b7c85,jev-latest,0.01,0.96,0.03,0.83,0.98,0.1,0.03
ab-test-001853,1,be10f639271bc8ff4be39ba65a20e179ba5bee639ad5c418f4abf06449dda009,jev-latest,0.77,0.98,0.23,0.93,0.55,0.16,0.82
ab-test-001854,0,be03aa8c7b6f4057a13ae2e54ac317708c5cb345495fbfa8771a140fb50cf471,jev-latest,0.26,0.98,0.12,0.42,0.61,0.42,0.32
ab-test-001855,0,6b2b309227d0e39a38f7d8cfe4428cc5c931ffee43b08c015ea350f8f80e798b,jev-latest,0.01,0.98,0.02,0.45,0.91,0.04,0.01
ab-test-001856,0,dab7e8d53cae2aa0632189c1dffa7989797f291f1d91be4cba0101d5bb8758f5,jev-latest,0.01,0.05,0.02,0.18,0.37,0.38,0.02
ab-test-001857,0,f4ca8b171a2e683311f7d00486676e6106b6afd5bcb55d73124c4041c8e31716,jev-latest,0.01,0.96,0.03,0.05,0.93,0.92,0.02
ab-test-001858,0,d77d31b81f882c4ccb15d92b06fad0f8f2bed1280824583a2520c659ab02b089,jev-latest,0.04,0.98,0.02,0.91,0.87,0.14,0.05
ab-test-001859,0,dd3a49c7c71ba0d3724f0a471360588eeba320d2bf94250411a699145ebf0225,jev-latest,0.03,0.98,0.02,0.92,0.78,0.06,0.05
ab-test-001860,0,074d44ccdd5ffabc79c2c92496477efbf80a2cafa6c527a62358fe2731fb3898,jev-latest,0.01,0.96,0.02,0.55,0.94,0.09,0.02
ab-test-001861,0,99f516ba588f984a639ddd3b7c2250a994cd092437edc67b862baad8df50f2d8,jev-latest,0.01,0.98,0.23,0.84,0.95,0.21,0.04
ab-test-001862,0,eeda369140da67cb21bb0da2b4d086a374a98ffeecdc59d2b42078ec739f0cba,jev-latest,0.01,0.97,0.01,0.44,0.92,0.11,0.02
ab-test-001863,0,62282facc64137fdc21e6187a0bb0ef8b8df4649f05b07a8f7c258fe4e27f0c5,jev-latest,0.01,0.98,0.02,0.84,0.94,0.05,0.02
ab-test-001864,0,8c7f1fa24ea352670d08b40ee48546b7baf9421ca651bf6e7e048387b2587bf2,jev-latest,0.01,0.97,0.02,0.05,0.94,0.04,0.02
ab-test-001865,0,ee050cd2e877f2b3bdbbb204d0ce4072214e9804f916973aab421d3f12ab226b,jev-latest,0.01,0.98,0.02,0.48,0.96,0.06,0.02
ab-test-001866,0,1d4bf14d5541be63699047c41d2780c1ac259b9aad326da65b10637dd94fd3b8,jev-latest,0.08,0.98,0.07,0.93,0.93,0.07,0.13
ab-test-001867,0,9c2b76a2361744fda8291fd439dc196dd7af84c11909e18e66fe5037599553a0,jev-latest,0.01,0.99,0.02,0.93,0.98,0.03,0.01
ab-test-001868,0,ec7f049ec900ca0edd5c586c04906ab1e78d20d828044210542291232ad4c047,jev-latest,0.01,0.98,0.02,0.09,0.53,0.25,0.02
ab-test-001869,0,658ac90aa67d8a26c1cf9c6b78a77159dcb4585c8a87cbc57584cc69c03e17da,jev-latest,0.01,0.02,0.02,0.06,0.75,0.75,0.01
ab-test-001870,0,eef9c51c9ff8481a896d97e881446fa3e88d11c95747ded6f71e2768db041c0c,jev-latest,0.01,0.99,0.01,0.93,0.97,0.03,0.01
ab-test-001871,0,93583e06e085ed97ba8a1e25626c8075b4ec631bc2de57072f6fce81443a88a9,jev-latest,0.04,0.97,0.04,0.83,0.8,0.17,0.08
ab-test-001872,0,f0dc2d6b52813484355bcdf002c5a612a718254432a884f3a8af7c8850d07849,jev-latest,0.01,0.99,0.02,0.95,0.79,0.04,0.02
ab-test-001873,0,68fb40c49fc016c86f3f02a11f488e7056a9c84c3465f291b92c4a2af246dfff,jev-latest,0.04,0.96,0.02,0.87,0.94,0.15,0.12
ab-test-001874,0,c5b6f516098d94d3ea7c09e0a77dbca80184073ec4f9e36b17d013bdbaa87277,jev-latest,0.02,0.98,0.02,0.88,0.95,0.08,0.03
ab-test-001875,0,17b8d67380b096e02d8e84060b4cc83b2ba779783e760ab487e010a4edf26e74,jev-latest,0.01,0.97,0.02,0.06,0.26,0.24,0.02
ab-test-001876,0,59a4516a9a0f2d8496a0016ccdb4fef205118d72dcefac13d6314f7a49abcde0,jev-latest,0.02,0.98,0.03,0.69,0.95,0.05,0.04
ab-test-001877,0,1136dda8ce3305a01f28ed5f61232cad5d3e81ef558203ce79056551a2c337df,jev-latest,0.06,0.98,0.02,0.92,0.95,0.09,0.19
ab-test-001878,0,3f5b7e11418e846191fbf57151f0f1b07bbad02e4f20ae81eeaaab2e5dc416e5,jev-latest,0.05,0.98,0.03,0.52,0.81,0.63,0.05
ab-test-001879,0,ffe392bb7a9a14a9982f0cb82cdf42d6ee0c7626196f095f0435431beae04f3e,jev-latest,0.01,0.01,0.01,0.75,0.9,0.03,0.01
ab-test-001880,0,dc5bd03542ec3af68967587a065bae3ef5d4573ebd70ea0ce2c034ac26a381e1,jev-latest,0.02,0.84,0.02,0.87,0.95,0.05,0.02
ab-test-001881,0,803ac0b859bc179635c9258076b750861db598c5b932bb0621280e17dee17fd0,jev-latest,0.01,0.99,0.02,0.42,0.87,0.13,0.02
ab-test-001882,0,f2be67c1774747e9856ac3da168c566419974fd9244a628af5dd83ca137f3279,jev-latest,0.01,0.98,0.02,0.67,0.91,0.07,0.04
ab-test-001883,1,2a59a181957306a026594d237a6caf667203ba1445cfea9e8eabc7b26b6aafd1,jev-latest,0.95,0.99,0.97,0.97,0.12,0.06,0.97
ab-test-001884,0,6fb6baf681604d1c09a6195c5d7ee4185fceca93636ce7d004fcdd717526981b,jev-latest,0.01,0.97,0.02,0.06,0.81,0.54,0.02
ab-test-001885,0,d79c1db7d65d420c2e7f429c5b64cbb81c8fcfa7881b6fb7475ddb23f60a186f,jev-latest,0.02,0.98,0.03,0.93,0.95,0.07,0.06
ab-test-001886,0,9d7735f87c0307e492d7e9533c18ef2aacf1dfc2b7de8a743da60a084132726d,jev-latest,0.02,0.99,0.02,0.95,0.94,0.05,0.02
ab-test-001887,1,4d6296ee336c595e4a8858a832c1efa419a8e0168fd0e179d6afa09590097791,jev-latest,0.78,0.98,0.92,0.92,0.52,0.27,0.89
ab-test-001888,0,7a49778ecde89e5951b1619ceee6831f54ed112eaeee52d6feaf69771c133021,jev-latest,0.01,0.02,0.02,0.88,0.68,0.1,0.02
ab-test-001889,0,0affc0866f9974dc51133099aae1ee72f4904896618e38b7739e07824c608b85,jev-latest,0.01,0.98,0.02,0.94,0.96,0.05,0.02
ab-test-001890,0,067b4be655ef10ce33ca75adf86b13b48f8c4843bf418708ee4487a44825957d,jev-latest,0.01,0.98,0.02,0.04,0.87,0.58,0.01
ab-test-001891,0,128d333e0ff3311ade56e42d97151ce81afc004a77460a7aa4fafaf6920142e4,jev-latest,0.01,0.98,0.12,0.75,0.96,0.17,0.03
ab-test-001892,0,d3f829c2cc67782fc6b2ce027c14202ea10da262edd1f042dbdbc50889b63a52,jev-latest,0.01,0.98,0.02,0.04,0.61,0.52,0.01
ab-test-001893,1,b35c8e180784393540439f9ce9a4fd7c5a34951ac392d4547528167c3dad8987,jev-latest,0.86,0.98,0.47,0.94,0.28,0.15,0.91
ab-test-001894,0,ff38325063981ea337db263ad7e7de51de933176247d54fae7e3da89b9faf0af,jev-latest,0.01,0.02,0.02,0.65,0.92,0.05,0.03
ab-test-001895,1,df4ee18536b888ee980cd0218bb5cf15c4201a75460ea21e1108c4566128f5e4,jev-latest,0.86,0.98,0.89,0.92,0.16,0.17,0.93
ab-test-001896,0,68d693d1f8dcb6bc8b2933e016a2d85dbd94c67d6fe987440bc2cf028dab5193,jev-latest,0.01,0.98,0.02,0.06,0.9,0.07,0.01
ab-test-001897,0,bb4c3010f704dc74f17f670e1a26fd04cd69afc0ec77a8ff8bec11f0002c8389,jev-latest,0.01,0.99,0.02,0.93,0.96,0.04,0.01
ab-test-001898,0,8ade89aad6db58e76de52fd87fc8214ecd37d1ecbfb1bedf9b2efa3be8952b9f,jev-latest,0.03,0.99,0.02,0.94,0.79,0.05,0.04
ab-test-001899,0,e10d3e65fc6cb13a1b4715fb8cc8d84e6ac84b6ad3743f3d0609f4f9752ad1af,jev-latest,0.01,0.01,0.02,0.85,0.94,0.04,0.01
ab-test-001900,0,85c78b6f34b259f0fc28249ff74af2d4dd14c12da145dd24994f4693efd76e34,jev-latest,0.01,0.98,0.01,0.03,0.79,0.04,0.01
ab-test-001901,0,4f7125cfaaf93dfeca3d0942af01312b94eed6e56ca5b340f8263bd9ce817d24,jev-latest,0.01,0.98,0.02,0.09,0.96,0.09,0.01
ab-test-001902,0,7f3e9552d051f2461a3b19ed47509a7b7be199921919dfbba004909b3f778b8e,jev-latest,0.01,0.02,0.02,0.1,0.76,0.3,0.01
ab-test-001903,0,60f77afbb1e88978096c0338a856729d782d902de4607c4ff1ee08a3c1b80879,jev-latest,0.01,0.99,0.01,0.9,0.97,0.04,0.02
ab-test-001904,1,c1121a0a5530cb0f9e0b37158661171185ab7a307765423e44247a6883796d9c,jev-latest,0.88,0.99,0.96,0.97,0.16,0.06,0.96
ab-test-001905,0,83e32f52de660f7abaa7b249fa93e29020327256c5a496645e3b204484660f72,jev-latest,0.01,0.97,0.03,0.08,0.89,0.74,0.02
ab-test-001906,0,d5478c2e63f7920c918f769b80c06111c348e8aa59d85e25726365d11fdd6396,jev-latest,0.01,0.02,0.02,0.92,0.94,0.06,0.02
ab-test-001907,0,9d535a16c857e4fe52106bf67f25a9e69bc8a167d5c859163fd7a432013f96f9,jev-latest,0.01,0.98,0.02,0.16,0.84,0.44,0.01
ab-test-001908,0,1b97041b1e05236984e052b7c04c48ea631b34d00d9b69d934d375b8fa085d2f,jev-latest,0.01,0.98,0.02,0.1,0.83,0.11,0.01
ab-test-001909,0,2954a15469ce01fd538bf0e3ab32c7c88379917ab105afe9432ac1cbb0433ea5,jev-latest,0.01,0.02,0.02,0.74,0.28,0.12,0.02
ab-test-001910,0,d88cf80b43cbeaff0bff8c015d50fa91cd80cf70f981dc789617f5e58521d244,jev-latest,0.06,0.98,0.02,0.92,0.87,0.06,0.08
ab-test-001911,0,8d02f43f7b945ce58fc5bf1ffe835559b5a809ecb81da96ced9ffcd6451b50c7,jev-latest,0.01,0.98,0.02,0.91,0.96,0.04,0.02
ab-test-001912,1,f4dee7a56d6a7dd44faad238a50e31217f6c9a3c47a14678ee050cdd03d32835,jev-latest,0.83,0.98,0.11,0.96,0.22,0.09,0.88
ab-test-001913,0,21888e73bfdcd542fdb49d67e103dce2b1bc884b5256d63c471767ac868331ef,jev-latest,0.42,0.95,0.07,0.86,0.64,0.09,0.44
ab-test-001914,0,3f5dd5a053fbca8b49391b828a7c59a34555532bd93966f8e6d7777439dc42f8,jev-latest,0.01,0.03,0.02,0.88,0.96,0.08,0.02
ab-test-001915,0,457b193c75960aee982377e5487b7af2ad90cc315dff81c96eff1495c13a0cfe,jev-latest,0.02,0.98,0.02,0.93,0.94,0.08,0.06
